0.001	 -5.538355	 0.000794
0.003	 -4.684437	 0.002346
0.006	 -4.166803	 0.004581
0.009	 -3.880024	 0.006705
0.01	 -3.808430	 0.007385
0.02	 -3.378993	 0.013532
0.03	 -3.183157	 0.018397
0.04	 -3.087575	 0.021956
0.05	 -3.087480	 0.022883
0.06	 -3.223400	 0.017681
0.07	 -3.275473	 0.016481
0.08	 -3.288006	 0.016310
0.09	 -3.316437	 0.015018
0.1	 -3.361950	 0.015650
0.2	 -3.546090	 -0.010933
0.3	 -3.790911	 -0.070964
0.4	 -4.071968	 -0.155002
0.5	 -4.366044	 -0.299657
0.6	 -4.606235	 -0.415788
0.7	 -4.444663	 -0.271298
0.8	 -3.226698	 0.549504
0.9	 -1.762020	 2.597559
