0.221199217
0.172270123
0.134164107
0.104487112
0.081374644
0.063374637
0.049356217
0.03843866
0.029936059
0.023314226
0.018157137
0.014140793
0.011012861
0.008576824
0.006679638
0.005202107
0.004051405
0.003155237
0.002457301
0.001913748
0.001490429
0.001160747
0.000903991
0.000704029
0.000548298
0.000427015
0.00033256
0.000258998
0.000201708
0.00015709
0.000122342
9.52799E-05
7.42041E-05
5.77902E-05
4.5007E-05
3.50515E-05
2.72982E-05
2.12598E-05
1.65572E-05
1.28947E-05
1.00424E-05
7.82105E-06
6.09104E-06
4.74371E-06
3.6944E-06
2.8772E-06
2.24077E-06
1.74511E-06
1.35909E-06
1.05846E-06
8.24333E-07
6.41991E-07
4.99983E-07
3.89387E-07
3.03255E-07
2.36175E-07
1.83934E-07
1.43248E-07
1.11561E-07
8.6884E-08
6.76654E-08
5.26978E-08
4.10411E-08
3.19628E-08
2.48927E-08
1.93864E-08
1.50982E-08
1.17585E-08
9.15751E-09
7.13188E-09
5.55431E-09
4.3257E-09
3.36886E-09
2.62367E-09
2.04332E-09
1.59134E-09
1.23933E-09
9.65194E-10
7.51694E-10
5.8542E-10
4.55926E-10
3.55075E-10
2.76533E-10
2.15364E-10
1.67726E-10
1.30625E-10
1.01731E-10
7.9228E-11
6.17028E-11
4.80542E-11
3.74246E-11
2.91463E-11
2.26992E-11
1.76782E-11
1.37678E-11
1.07223E-11
8.35057E-12
6.50343E-12
5.06488E-12
