17.099759
500
3.886117
22.086937 1.030974 15.917902
-6.826294 -5.025036 -11.164583
-13.448675 -28.630276 -0.635623
17.284095 14.096164 18.535998
4.628985 -23.393296 -27.779297
4.487651 -19.440633 40.719543
-18.796555 -37.801955 14.761653
-15.832185 20.551569 9.130876
23.820069 -1.511960 -14.265601
-5.543909 -9.892363 23.338221
-24.957117 8.612734 -9.458142
2.552194 -10.435034 -10.807590
-24.031053 8.847170 -1.210453
3.586971 3.604414 47.351854
-3.571814 7.508982 29.778208
33.005898 -6.152817 28.369072
15.066599 -1.882877 -18.264281
-6.696673 6.720677 2.228201
-6.653588 47.017716 -4.153479
5.480474 4.546197 23.487120
2.905671 2.631304 34.755290
19.919559 11.352984 -13.567939
-29.828776 -35.288630 11.436326
-21.181622 10.452051 35.026271
6.201842 -16.717204 0.844557
13.293699 13.689072 1.180205
-2.950064 9.211280 -12.222935
1.642754 22.790526 -18.963484
-4.016225 -22.758617 18.471483
13.371853 -7.796289 -0.044703
-1.604902 15.935139 -3.621769
-18.528526 -23.057313 23.182129
15.896991 -31.594926 15.866333
12.590443 3.386323 -11.927094
-14.386322 19.900414 22.393994
17.297455 3.703700 17.416518
-14.304902 -1.685768 8.766558
28.902369 19.345722 -31.260633
-20.675507 32.994201 27.955725
22.827476 7.852026 12.742046
24.730370 -34.772360 10.190682
-45.927358 19.420228 36.195319
24.193012 -14.210470 -4.656160
-11.397917 23.889674 26.056086
6.297639 28.299182 11.348193
1.712163 -8.381291 36.255396
18.312589 10.496599 3.862808
-17.136998 -14.610081 33.578352
-18.472533 -6.147291 2.129937
-12.229487 25.727254 9.769375
-7.672235 2.265292 -2.330659
6.574515 36.466950 16.348114
-4.027164 -4.841394 -8.509699
-25.888294 36.736767 -7.405190
-8.488256 9.523198 24.592160
9.534214 6.775941 10.101669
-7.651912 -10.331213 8.314333
0.294356 12.043459 5.239876
-23.793938 -8.589311 -0.274734
6.500981 7.563684 1.259794
-24.747213 46.558513 42.678799
9.590116 8.632578 46.717751
7.488659 32.196722 -17.390967
-29.502322 5.813630 -5.700172
27.173204 24.812455 -41.317217
-12.441443 3.457465 13.459256
-13.665876 7.921868 -2.120902
-12.737954 22.178458 -13.084264
1.600777 -13.866880 33.743256
-6.672906 -18.079997 5.051007
34.781627 -3.045053 -20.669466
4.036207 -15.822645 9.646957
6.654905 4.090311 5.079591
21.896547 2.687724 9.665731
22.133087 35.657557 5.952964
44.158822 31.813383 20.247900
-6.250001 9.194237 5.582842
6.361171 -18.291151 15.918461
13.468567 13.951731 -7.398307
8.758415 -9.813087 -17.338004
3.342712 1.851625 -11.576475
2.707085 -9.209480 6.929680
-35.358171 -16.515281 23.675005
27.482297 -0.978560 30.566329
-17.573538 -4.018226 -18.831748
-16.058636 9.611210 9.251467
5.290151 -21.274272 47.564891
8.756353 5.811292 10.498721
13.528915 8.090300 -27.895252
-7.930362 13.675357 13.816081
-32.870000 -2.305926 -7.591576
5.838160 1.876358 -6.873904
-19.541870 19.044655 29.762822
-0.141323 2.018042 26.125770
-9.110351 -13.320208 22.540182
5.297066 11.474240 -17.246599
-36.811821 53.175225 -11.441118
17.621426 5.084101 -15.699855
-9.179418 15.920157 4.230742
-12.876518 -1.638405 8.351609
-9.732576 -3.231333 18.172314
-32.294150 12.205255 -3.456089
1.257428 -20.535659 22.459362
-2.651728 46.986669 0.611063
-0.979358 6.817107 -26.625819
-12.224428 6.278291 -7.485434
12.305506 -1.007570 18.817604
-15.102023 25.716058 29.670262
-10.384212 31.375386 4.906810
-3.161036 28.598239 30.989791
20.836136 45.487150 26.277854
14.036926 -28.879983 19.857018
0.268351 21.638785 -11.965522
10.845914 45.184029 -27.018002
5.699363 -1.195989 25.742053
12.323558 7.384919 4.792638
10.918775 3.317562 31.047588
2.061023 14.643590 45.452686
-3.854502 19.819073 6.637802
2.603786 20.104404 28.704981
-7.180619 30.924371 -9.157416
15.021577 22.808094 25.354845
24.536738 20.096597 0.358306
-21.027443 51.017817 32.177398
-23.167877 0.532047 5.235214
26.945126 15.457511 39.659888
3.771809 -20.589858 40.093966
12.226560 1.125756 1.183681
7.189085 -18.173396 0.014930
5.081511 -19.448896 8.145205
-2.389281 0.852148 22.840303
22.203758 0.625218 6.579717
-20.830631 -9.411635 -1.111855
-4.868841 1.266066 -23.444676
7.413368 3.793489 -20.468108
0.855981 -15.343326 27.607629
3.577754 11.584544 23.411953
10.789859 -4.998108 16.536798
4.054205 -4.730420 -9.223732
-16.232545 24.664067 -11.919932
40.717441 4.673476 27.412309
15.895190 45.190644 -3.326974
8.399887 -5.913511 -31.680103
12.210950 14.953578 17.474230
15.801112 32.144229 -13.013505
-1.032763 6.703199 17.090350
5.098652 17.475809 35.188966
-14.080452 -0.245535 30.832616
-8.881884 5.062444 17.011374
3.301253 5.688342 11.748882
12.729611 -1.666197 20.654900
13.540966 10.423922 6.030544
15.710632 17.844620 -3.505054
6.915920 11.837362 23.161485
10.723903 33.914807 14.145911
10.382764 11.384815 8.533536
1.312802 -12.333292 7.504201
43.288510 19.866747 47.445848
4.618967 0.707620 -23.516752
1.987974 14.861788 19.887839
5.823593 30.775901 -2.706128
-6.427523 14.952377 -27.715373
-19.805467 13.951825 20.433925
7.339811 14.880146 1.585771
0.267799 -1.739993 -14.565608
2.518000 -7.206749 8.657724
4.541227 -25.037371 16.883565
13.023765 22.575205 10.307063
-7.771087 -10.231093 -29.847611
-5.247055 -5.700482 24.280554
10.770711 -7.761023 17.516351
-47.897467 6.482093 -9.203172
4.231756 22.828232 -3.763552
3.527540 6.363659 5.502466
0.744303 32.306478 23.487983
-9.424724 7.169498 13.657690
9.294610 41.979126 -11.733375
-0.222039 -11.580082 24.364173
6.245466 -3.960472 18.567172
-6.434304 17.804068 27.401170
38.255187 12.875822 13.102896
37.155356 7.482624 13.379130
35.299440 -7.769579 0.824913
23.111505 4.573059 2.730573
-2.734368 21.597779 -32.655374
-1.779649 9.813247 -9.702933
7.299985 17.437257 24.940515
-12.890216 -0.195061 36.709660
22.608931 5.671529 0.467993
-4.463189 1.980745 11.846957
-25.715533 42.486882 33.659825
25.460139 -26.822091 4.698204
25.319807 -6.300853 16.665142
-33.452348 -0.942682 12.040875
22.621958 -7.888565 1.672854
17.950897 14.735568 4.733319
15.427218 -22.040175 9.103831
32.913703 -10.420249 29.812130
3.401639 -41.581713 3.961425
23.762697 -9.248911 -0.648187
0.036576 16.564411 5.841886
22.368791 10.304681 -44.229435
15.003376 -3.909310 -4.224162
4.712002 10.834549 7.699156
16.005257 -21.944873 12.758877
-9.188068 7.634619 9.626378
-12.016299 -34.784204 3.670180
-2.776856 7.277590 27.737413
-0.336164 16.006749 7.129691
1.096409 8.280278 13.974399
10.200359 32.921589 8.127037
-7.575477 -3.142435 3.766869
0.531396 -8.751523 16.155274
36.187323 2.210322 8.705740
-11.628859 -9.513425 -7.527999
14.519663 12.962622 1.657631
13.969029 -11.193641 -6.865887
24.543528 7.664050 6.862864
34.135700 11.759950 19.542916
8.824853 -3.752222 20.450196
19.155549 4.480545 8.567616
-0.173561 45.999871 -25.899069
-12.621282 25.013890 31.310116
21.321573 4.800125 10.488608
22.129796 6.795890 14.586666
21.932787 12.490073 18.247329
-15.190032 9.572178 24.701786
36.623948 30.163330 -11.158259
31.944626 -6.382264 -12.546037
18.579105 14.503057 40.043177
6.431208 -24.931021 5.969083
-5.165089 -12.086944 26.400785
-3.053440 -0.267286 14.154995
18.344796 13.144373 8.643477
-11.097257 25.749704 -6.587107
-19.003374 22.409362 -38.795013
5.964689 0.092086 14.901380
2.095711 -8.332227 -3.141900
3.646332 -2.981445 11.824190
-13.459480 -11.751677 17.547028
-15.591169 59.501432 23.953818
31.023683 -8.288784 22.858052
14.720239 40.670694 -21.164867
-14.989816 34.405175 0.675283
9.928367 1.570674 4.749228
8.297126 8.184672 -9.414066
-7.411390 -3.211417 2.691779
0.804755 22.964684 37.047144
-8.418486 35.053458 3.827214
-11.392967 41.551247 0.053380
10.144484 24.669294 -16.734494
7.554621 46.752788 31.478525
16.898000 -2.085729 1.089207
1.323038 37.708757 28.613311
36.692575 31.807619 21.642557
7.368531 -31.341103 -13.734406
-3.185216 30.129344 10.945544
5.756540 1.724302 -18.749094
-4.028444 -4.323672 -12.038503
23.907358 -12.310781 18.255914
-6.214884 6.111934 10.745531
38.863927 30.162842 25.811886
7.058039 -12.720169 3.491698
-0.626997 3.412001 -5.322085
9.027627 1.321410 -26.564186
-1.353799 12.790882 -5.557018
9.428617 10.450870 17.871846
29.812154 -0.555960 21.826153
25.375251 -21.341165 -10.432900
-1.807020 1.476192 -1.719316
39.290774 -27.411392 19.534031
5.734984 10.838297 -3.876880
-6.678548 23.049176 16.639885
13.863334 -24.398696 26.096965
19.144121 -7.376065 18.824191
-16.841218 10.829967 34.423855
17.799053 -18.336181 31.487126
-5.709197 -26.044923 10.761640
-11.499167 10.045413 9.168055
19.781316 -16.947421 32.979411
22.455927 11.472344 -8.269894
28.824837 8.932341 -8.022882
27.442847 38.673708 -23.255975
34.736018 15.049026 -4.508108
0.428705 -14.633982 23.235793
10.372720 -1.703749 14.326983
-17.888545 3.694815 16.995459
14.455844 -16.137430 14.075551
-8.542047 25.078606 0.951743
-31.501580 28.079372 5.972959
26.163762 -6.594806 4.721380
14.100499 37.614096 7.631165
26.646030 3.474868 -1.067668
23.850306 69.149629 15.933239
5.801472 -5.896748 -18.400535
23.536425 0.454319 -6.123907
-4.954183 -10.512522 -3.429210
29.116811 -34.661169 15.030306
-5.239738 26.089828 -18.741498
-11.171496 7.776240 22.240751
-6.171383 -19.967282 8.758130
-11.109356 -19.206858 0.439850
-20.358566 16.802160 17.017651
16.237420 19.979744 -16.206302
-14.316870 20.502574 -31.110101
-2.420360 15.429771 16.846389
16.312092 12.435375 3.184141
31.544091 -4.536553 22.582256
26.554931 1.327254 18.722621
5.761647 10.420991 -15.799423
6.717237 -8.092381 -8.900405
-19.736376 19.889711 4.492571
3.865263 -13.837400 -1.049695
-15.340859 -23.303225 -12.207473
30.994246 14.335794 25.291622
-2.796477 2.307466 10.834891
-16.362597 13.180215 0.983861
8.297806 4.895718 39.353724
15.405859 9.316781 0.686400
-3.422525 25.336116 21.863659
-1.123007 12.561146 14.869412
16.012102 -10.496045 9.670783
-7.979283 1.753952 -8.506886
26.744088 -16.275739 12.604042
9.989681 -14.769745 -7.301269
10.295199 26.063710 7.521885
12.286147 -23.107436 22.056570
2.642126 -20.814965 35.595731
10.246672 -6.179451 -10.999269
-22.425829 27.848105 2.479078
-1.220313 14.593415 0.101764
25.187118 26.382256 3.596119
26.261376 2.896721 8.798622
36.674304 45.701627 7.048821
22.615571 4.685369 7.695879
29.834989 4.842553 22.184100
47.295458 12.591362 7.350259
-15.401437 -12.081674 21.380301
22.647603 -9.345506 19.739615
20.833847 -28.566313 14.962832
-26.287542 -5.730748 8.482361
11.498442 20.695476 32.452186
5.778414 -0.337669 -17.449087
9.458082 17.153573 30.438983
37.242889 42.457582 -0.636800
3.434811 -9.421470 -13.589648
20.825898 24.486748 10.210326
-14.818584 -3.162923 12.801848
19.181328 -10.326466 22.289822
22.182832 -8.367486 20.751635
12.382647 -6.737557 5.847580
8.732320 -7.528328 22.636609
18.289234 -28.452203 20.964411
12.282469 20.668510 9.218718
16.390697 -6.888270 -4.720222
-0.278085 26.302602 -25.859810
48.434730 -19.700547 28.592911
11.170304 43.822711 26.569681
1.091352 23.812539 21.792301
32.420168 8.449184 -7.157491
21.162949 20.720285 21.514743
5.754691 17.357609 -3.121638
3.239383 -8.815624 17.925119
35.982847 31.807047 -1.887367
-13.541026 7.514152 -0.111961
28.185318 10.407701 -22.673226
12.153555 31.834710 7.189727
5.654833 37.506977 13.950516
28.416591 1.095444 -34.590894
7.673528 17.786650 26.437273
10.887366 6.937115 -4.187460
-9.704018 5.516284 -8.087225
10.382188 20.856380 -0.428872
-7.363392 -24.471279 24.477287
35.253449 40.748177 -6.325911
-5.675671 10.041493 6.895837
-3.329365 -3.328270 16.357845
-5.836593 20.925379 8.794638
8.244088 2.149571 -1.397270
7.831183 18.733493 7.129972
-3.352485 34.977128 12.737532
43.608907 12.275818 20.798757
20.283452 34.147976 11.779756
28.596645 21.482039 16.555052
-21.964312 -14.192723 -5.020227
9.454954 1.063648 -1.881716
-8.521617 -1.538168 16.194027
20.120375 1.023533 23.129556
-3.804106 11.441217 -0.615316
-10.123135 25.005485 -7.720543
11.105679 -20.958471 -6.282158
-1.627057 7.293131 23.379796
14.375671 -45.670114 -15.370332
20.676655 3.250266 8.825525
18.418812 -3.815265 15.809141
4.282333 -29.584458 -11.876542
21.296804 41.617818 -9.003570
13.647888 9.661356 14.106885
18.505930 -13.819819 40.936252
13.398080 19.934203 4.868166
22.338130 -6.352366 20.864401
18.677157 -17.425032 23.543889
13.457589 -2.144393 7.076464
36.936292 10.818776 0.351833
15.791609 16.546787 11.776820
-0.724404 18.085292 22.679237
18.084994 -7.969314 6.902824
15.433293 11.823537 4.912678
10.068988 8.450965 -32.947055
40.879678 21.426267 -8.702666
25.738343 36.670660 25.058064
-10.006252 36.172574 28.490295
-7.766250 7.503780 9.144812
9.255585 15.749468 31.790189
20.493121 26.007551 -7.639690
-8.532738 9.893005 49.407600
21.667539 -0.807938 6.916436
31.791009 16.563490 25.253707
28.281155 7.880098 0.259022
11.784687 27.069883 -8.476028
8.254516 6.261088 22.048121
-19.366497 17.754522 13.005001
9.904213 5.215465 -6.892617
6.668326 23.806481 -20.854028
3.194253 -0.472614 -10.062352
13.429415 62.868235 -9.579335
6.162932 15.893747 10.063590
31.111200 15.985420 -16.338960
19.385021 13.817564 -0.630809
4.401930 17.749348 25.192830
0.618306 16.582013 15.446446
1.995438 28.233032 36.542029
3.559678 14.736772 5.437227
11.317844 -8.333631 11.467381
-31.942606 -20.388653 -1.705221
10.152295 3.237873 -12.225998
6.174641 39.484511 -4.343745
2.381725 -5.022842 19.058237
13.855198 -1.938551 43.356813
-47.857955 20.896244 23.244235
1.928860 34.401502 -23.103310
-4.614094 5.946363 2.703287
31.003167 27.286963 3.418675
48.224139 13.571009 12.671698
7.283917 6.675295 -17.049181
39.269461 41.847378 45.347961
39.809331 -28.180460 3.483249
-3.563096 34.819586 -15.106486
-5.481521 15.674925 -26.200887
18.582304 24.036512 -14.649651
9.014233 5.134787 12.600317
40.934366 -11.613957 24.234999
10.990031 8.753605 -12.810229
2.511904 10.768691 -15.764669
-12.681314 6.170363 0.501536
25.022996 7.494415 16.339578
6.629447 14.107084 43.330464
36.121255 12.103110 3.899343
8.980672 30.290440 36.215133
-3.929825 -4.542024 -15.749466
19.738414 34.591360 -26.218871
-4.719606 8.627837 21.542132
-3.700224 -27.984618 -2.090822
22.615858 -12.337782 -11.986330
9.939331 40.567217 22.750497
30.958303 15.233196 5.095138
3.456713 13.960047 21.887604
1.062948 -3.249281 25.098941
6.205790 34.876822 24.250444
-0.926814 -35.460039 -5.836862
24.362437 7.884407 22.668697
18.216949 19.062963 -20.467347
13.664462 0.207531 -7.303171
13.306755 11.152207 22.433672
30.685577 -6.550188 -18.268925
32.683767 3.369026 11.026802
20.832514 -3.787554 1.449936
33.334192 18.503654 -6.931510
10.349458 21.164137 30.152508
5.620025 -4.316827 33.309889
23.448716 5.664567 14.465796
18.407388 -1.273593 4.312432
17.898398 6.375554 6.857202
13.985051 31.201538 36.274358
30.569962 -18.360010 24.725408
28.326767 28.882049 -2.385578
3.164619 -4.396546 6.867163
15.261865 11.740049 11.346220
28.267055 39.502047 28.588186
29.726068 13.245511 14.310131
29.185331 33.788341 28.424450
2.206326 13.023931 0.272003
-6.482508 15.031937 39.007899
-5.420268 39.867034 -0.994404
56.965344 63.611758 42.437163
3.803114 35.766911 21.561149
-0.046504 18.718574 -23.050329
21.041106 -19.674762 -9.665042
40.457144 22.406686 5.761504
19.564384 -25.212951 20.728878
