8.000000 0.015893
8.001000 0.015544
8.002000 0.014741
8.003000 0.015577
8.004000 0.016378
8.005000 0.014452
8.006000 0.013812
8.007000 0.013554
8.008000 0.013463
8.009000 0.013722
8.010000 0.014485
8.011000 0.012790
8.012000 0.012858
8.013000 0.012409
8.014000 0.012378
8.015000 0.012554
8.016000 0.012898
8.017000 0.012722
8.018000 0.012424
8.019000 0.010883
8.020000 0.011841
8.021000 0.010625
8.022000 0.011300
8.023000 0.010800
8.024000 0.010604
8.025000 0.010704
8.026000 0.010065
8.027000 0.010774
8.028000 0.009774
8.029000 0.010939
8.030000 0.009867
8.031000 0.009885
8.032000 0.009428
8.033000 0.009722
8.034000 0.009468
8.035000 0.009197
8.036000 0.008791
8.037000 0.008280
8.038000 0.008608
8.039000 0.008318
8.040000 0.008725
8.041000 0.008059
8.042000 0.008053
8.043000 0.008288
8.044000 0.008126
8.045000 0.008050
8.046000 0.007560
8.047000 0.007480
8.048000 0.007056
8.049000 0.006631
8.050000 0.007285
8.051000 0.007175
8.052000 0.007023
8.053000 0.006331
8.054000 0.007086
8.055000 0.006893
8.056000 0.006653
8.057000 0.006756
8.058000 0.006122
8.059000 0.006563
8.060000 0.005791
8.061000 0.005939
8.062000 0.005822
8.063000 0.005482
8.064000 0.006147
8.065000 0.005392
8.066000 0.005669
8.067000 0.005683
8.068000 0.005489
8.069000 0.005056
8.070000 0.005412
8.071000 0.005874
8.072000 0.005124
8.073000 0.004772
8.074000 0.005136
8.075000 0.004704
8.076000 0.004998
8.077000 0.004653
8.078000 0.004618
8.079000 0.004188
8.080000 0.004680
8.081000 0.004301
8.082000 0.004072
8.083000 0.004136
8.084000 0.004307
8.085000 0.003978
8.086000 0.004430
8.087000 0.004005
8.088000 0.003943
8.089000 0.003340
8.090000 0.003653
8.091000 0.003648
8.092000 0.003465
8.093000 0.003579
8.094000 0.003465
8.095000 0.003454
8.096000 0.003476
8.097000 0.003362
8.098000 0.002910
8.099000 0.003235
8.100000 0.003106
8.101000 0.002949
8.102000 0.003021
8.103000 0.002956
8.104000 0.002777
8.105000 0.003019
8.106000 0.003093
8.107000 0.002863
8.108000 0.002832
8.109000 0.002764
8.110000 0.002790
8.111000 0.002681
8.112000 0.002749
8.113000 0.002440
8.114000 0.002761
8.115000 0.002600
8.116000 0.002632
8.117000 0.002460
8.118000 0.002419
8.119000 0.002438
8.120000 0.002461
8.121000 0.002247
8.122000 0.002325
8.123000 0.002307
8.124000 0.002111
8.125000 0.002136
8.126000 0.002011
8.127000 0.002247
8.128000 0.002162
8.129000 0.001989
8.130000 0.001765
8.131000 0.002123
8.132000 0.001942
8.133000 0.001753
8.134000 0.001979
8.135000 0.001773
8.136000 0.001871
8.137000 0.001843
8.138000 0.001625
8.139000 0.001615
8.140000 0.001558
8.141000 0.001885
8.142000 0.001732
8.143000 0.001596
8.144000 0.001564
8.145000 0.001609
8.146000 0.001343
8.147000 0.001526
8.148000 0.001517
8.149000 0.001506
8.150000 0.001602
8.151000 0.001410
8.152000 0.001426
8.153000 0.001289
8.154000 0.001400
8.155000 0.001369
8.156000 0.001141
8.157000 0.001379
8.158000 0.001384
8.159000 0.001172
8.160000 0.001378
8.161000 0.001159
8.162000 0.001216
8.163000 0.001218
8.164000 0.001070
8.165000 0.001224
8.166000 0.001228
8.167000 0.001144
8.168000 0.001141
8.169000 0.001163
8.170000 0.000939
8.171000 0.000993
8.172000 0.001156
8.173000 0.000988
8.174000 0.001031
8.175000 0.000923
8.176000 0.000891
8.177000 0.000947
8.178000 0.000975
8.179000 0.000790
8.180000 0.000831
8.181000 0.000833
8.182000 0.000873
8.183000 0.000827
8.184000 0.000806
8.185000 0.000889
8.186000 0.000759
8.187000 0.000815
8.188000 0.000869
8.189000 0.000716
8.190000 0.000704
8.191000 0.000708
8.192000 0.000552
8.193000 0.000704
8.194000 0.000708
8.195000 0.000684
8.196000 0.000804
8.197000 0.000562
8.198000 0.000677
8.199000 0.000627
8.200000 0.000738
8.201000 0.000669
8.202000 0.000550
8.203000 0.000599
8.204000 0.000553
8.205000 0.000625
8.206000 0.000553
8.207000 0.000547
8.208000 0.000619
8.209000 0.000484
8.210000 0.000537
8.211000 0.000654
8.212000 0.000539
8.213000 0.000540
8.214000 0.000434
8.215000 0.000496
8.216000 0.000566
8.217000 0.000494
8.218000 0.000583
8.219000 0.000418
8.220000 0.000458
8.221000 0.000404
8.222000 0.000477
8.223000 0.000452
8.224000 0.000484
8.225000 0.000440
8.226000 0.000506
8.227000 0.000428
8.228000 0.000373
8.229000 0.000394
8.230000 0.000341
8.231000 0.000378
8.232000 0.000310
8.233000 0.000356
8.234000 0.000361
8.235000 0.000362
8.236000 0.000350
8.237000 0.000309
8.238000 0.000364
8.239000 0.000336
8.240000 0.000304
8.241000 0.000306
8.242000 0.000342
8.243000 0.000276
8.244000 0.000390
8.245000 0.000222
8.246000 0.000237
8.247000 0.000224
8.248000 0.000276
8.249000 0.000348
8.250000 0.000242
8.251000 0.000175
8.252000 0.000299
8.253000 0.000233
8.254000 0.000243
8.255000 0.000238
8.256000 0.000253
8.257000 0.000271
8.258000 0.000206
8.259000 0.000194
8.260000 0.000217
8.261000 0.000197
8.262000 0.000258
8.263000 0.000181
8.264000 0.000203
8.265000 0.000239
8.266000 0.000217
8.267000 0.000149
8.268000 0.000193
8.269000 0.000178
8.270000 0.000170
8.271000 0.000278
8.272000 0.000201
8.273000 0.000183
8.274000 0.000163
8.275000 0.000168
8.276000 0.000216
8.277000 0.000115
8.278000 0.000145
8.279000 0.000177
8.280000 0.000187
8.281000 0.000133
8.282000 0.000148
8.283000 0.000189
8.284000 0.000172
8.285000 0.000176
8.286000 0.000162
8.287000 0.000178
8.288000 0.000108
8.289000 0.000167
8.290000 0.000206
8.291000 0.000124
8.292000 0.000126
8.293000 0.000164
8.294000 0.000098
8.295000 0.000130
8.296000 0.000163
8.297000 0.000110
8.298000 0.000122
8.299000 0.000091
8.300000 0.000137
8.301000 0.000135
8.302000 0.000120
8.303000 0.000113
8.304000 0.000067
8.305000 0.000095
8.306000 0.000102
8.307000 0.000067
8.308000 0.000109
8.309000 0.000124
8.310000 0.000119
8.311000 0.000086
8.312000 0.000112
8.313000 0.000099
8.314000 0.000098
8.315000 0.000113
8.316000 0.000079
8.317000 0.000046
8.318000 0.000081
8.319000 0.000086
8.320000 0.000100
8.321000 0.000084
8.322000 0.000063
8.323000 0.000057
8.324000 0.000107
8.325000 0.000083
8.326000 0.000107
8.327000 0.000047
8.328000 0.000065
8.329000 0.000076
8.330000 0.000054
8.331000 0.000101
8.332000 0.000078
8.333000 0.000089
8.334000 0.000069
8.335000 0.000064
8.336000 0.000089
8.337000 0.000049
8.338000 0.000046
8.339000 0.000070
8.340000 0.000077
8.341000 0.000062
8.342000 0.000056
8.343000 0.000051
8.344000 0.000030
8.345000 0.000061
8.346000 0.000086
8.347000 0.000064
8.348000 0.000049
8.349000 0.000078
8.350000 0.000095
8.351000 0.000044
8.352000 0.000035
8.353000 0.000048
8.354000 0.000036
8.355000 0.000044
8.356000 0.000037
8.357000 0.000044
8.358000 0.000050
8.359000 0.000082
8.360000 0.000037
8.361000 0.000051
8.362000 0.000050
8.363000 0.000036
8.364000 0.000036
8.365000 0.000042
8.366000 0.000049
8.367000 0.000051
8.368000 0.000033
8.369000 0.000028
8.370000 0.000034
8.371000 0.000026
8.372000 0.000030
8.373000 0.000045
8.374000 0.000028
8.375000 0.000041
8.376000 0.000029
8.377000 0.000034
8.378000 0.000048
8.379000 0.000035
8.380000 0.000043
8.381000 0.000015
8.382000 0.000045
8.383000 0.000027
8.384000 0.000040
8.385000 0.000040
8.386000 0.000030
8.387000 0.000034
8.388000 0.000039
8.389000 0.000036
8.390000 0.000039
8.391000 0.000046
8.392000 0.000022
8.393000 0.000015
8.394000 0.000029
8.395000 0.000027
8.396000 0.000018
8.397000 0.000029
8.398000 0.000032
8.399000 0.000018
8.400000 0.000023
8.401000 0.000008
8.402000 0.000010
8.403000 0.000017
8.404000 0.000015
8.405000 0.000023
8.406000 0.000016
8.407000 0.000013
8.408000 0.000024
8.409000 0.000018
8.410000 0.000018
8.411000 0.000021
8.412000 0.000028
8.413000 0.000013
8.414000 0.000023
8.415000 0.000034
8.416000 0.000024
8.417000 0.000012
8.418000 0.000019
8.419000 0.000008
8.420000 0.000014
8.421000 0.000025
8.422000 0.000024
8.423000 0.000021
8.424000 0.000015
8.425000 0.000018
8.426000 0.000007
8.427000 0.000015
8.428000 0.000013
8.429000 0.000006
8.430000 0.000027
8.431000 0.000022
8.432000 0.000018
8.433000 0.000010
8.434000 0.000021
8.435000 0.000022
8.436000 0.000015
8.437000 0.000017
8.438000 0.000011
8.439000 0.000008
8.440000 0.000015
8.441000 0.000010
8.442000 0.000036
8.443000 0.000010
8.444000 0.000007
8.445000 0.000021
8.446000 0.000006
8.447000 0.000008
8.448000 0.000021
8.449000 0.000011
8.450000 0.000006
8.451000 0.000007
8.452000 0.000006
8.453000 0.000008
8.454000 0.000006
8.455000 0.000006
8.456000 0.000005
8.457000 0.000010
8.458000 0.000007
8.459000 0.000006
8.460000 0.000006
8.461000 0.000005
8.462000 0.000019
8.463000 0.000008
8.464000 0.000012
8.465000 0.000016
8.466000 0.000002
8.467000 0.000008
8.468000 0.000004
8.469000 0.000009
8.470000 0.000001
8.471000 0.000005
8.472000 0.000006
8.473000 0.000013
8.474000 0.000002
8.475000 0.000012
8.476000 0.000004
8.477000 0.000020
8.478000 0.000009
8.479000 0.000007
8.480000 0.000003
8.481000 0.000003
8.482000 0.000001
8.483000 0.000008
8.484000 0.000005
8.485000 0.000003
8.486000 0.000002
8.487000 0.000001
8.488000 0.000006
8.490000 0.000007
8.491000 0.000005
8.492000 0.000003
8.493000 0.000002
8.494000 0.000014
8.495000 0.000005
8.496000 0.000001
8.497000 0.000003
8.498000 0.000009
8.499000 0.000004
8.500000 0.000010
8.501000 0.000003
8.502000 0.000017
8.503000 0.000003
8.504000 0.000008
8.505000 0.000005
8.506000 0.000003
8.507000 0.000002
8.508000 0.000004
8.509000 0.000006
8.510000 0.000012
8.511000 0.000005
8.514000 0.000001
8.515000 0.000001
8.516000 0.000003
8.517000 0.000009
8.518000 0.000004
8.519000 0.000003
8.520000 0.000002
8.521000 0.000004
8.522000 0.000001
8.524000 0.000002
8.525000 0.000001
8.526000 0.000003
8.527000 0.000005
8.529000 0.000006
8.530000 0.000002
8.531000 0.000004
8.534000 0.000002
8.535000 0.000001
8.536000 0.000001
8.537000 0.000003
8.538000 0.000001
8.539000 0.000007
8.540000 0.000004
8.541000 0.000006
8.543000 0.000001
8.544000 0.000003
8.545000 0.000002
8.547000 0.000001
8.548000 0.000003
8.549000 0.000002
8.551000 0.000003
8.552000 0.000002
8.553000 0.000005
8.555000 0.000001
8.556000 0.000006
8.562000 0.000008
8.563000 0.000002
8.566000 0.000001
8.569000 0.000005
8.571000 0.000003
8.572000 0.000005
8.573000 0.000001
8.575000 0.000003
8.579000 0.000002
8.581000 0.000005
8.583000 0.000002
8.585000 0.000001
8.588000 0.000003
8.593000 0.000001
8.596000 0.000001
8.598000 0.000004
8.601000 0.000004
8.602000 0.000002
8.606000 0.000003
8.610000 0.000001
8.616000 0.000002
8.617000 0.000001
8.620000 0.000001
8.624000 0.000001
8.629000 0.000003
8.630000 0.000001
8.632000 0.000001
8.638000 0.000001
8.639000 0.000001
8.650000 0.000001
8.652000 0.000004
8.663000 0.000001
8.669000 0.000002
8.672000 0.000002
8.674000 0.000003
8.681000 0.000001
8.687000 0.000004
8.706000 0.000005
8.707000 0.000001
8.717000 0.000001
8.733000 0.000002
8.740000 0.000001
