0.001000 0.004486
0.002000 0.004469
0.003000 0.004426
0.004000 0.004360
0.005000 0.004254
0.006000 0.004261
0.007000 0.004177
0.008000 0.004072
0.009000 0.004045
0.010000 0.003950
0.011000 0.003850
0.012000 0.003807
0.013000 0.003796
0.014000 0.003702
0.015000 0.003717
0.016000 0.003600
0.017000 0.003611
0.018000 0.003485
0.019000 0.003506
0.020000 0.003442
0.021000 0.003416
0.022000 0.003341
0.023000 0.003282
0.024000 0.003261
0.025000 0.003191
0.026000 0.003139
0.027000 0.003118
0.028000 0.003057
0.029000 0.003032
0.030000 0.002973
0.031000 0.002910
0.032000 0.002893
0.033000 0.002838
0.034000 0.002793
0.035000 0.002761
0.036000 0.002714
0.037000 0.002668
0.038000 0.002634
0.039000 0.002605
0.040000 0.002529
0.041000 0.002529
0.042000 0.002469
0.043000 0.002505
0.044000 0.002441
0.045000 0.002399
0.046000 0.002357
0.047000 0.002368
0.048000 0.002279
0.049000 0.002250
0.050000 0.002227
0.051000 0.002185
0.052000 0.002165
0.053000 0.002130
0.054000 0.002109
0.055000 0.002079
0.056000 0.002041
0.057000 0.001997
0.058000 0.001983
0.059000 0.001976
0.060000 0.001939
0.061000 0.001917
0.062000 0.001869
0.063000 0.001863
0.064000 0.001873
0.065000 0.001818
0.066000 0.001767
0.067000 0.001759
0.068000 0.001774
0.069000 0.001723
0.070000 0.001664
0.071000 0.001680
0.072000 0.001660
0.073000 0.001608
0.074000 0.001613
0.075000 0.001592
0.076000 0.001532
0.077000 0.001573
0.078000 0.001499
0.079000 0.001492
0.080000 0.001508
0.081000 0.001441
0.082000 0.001407
0.083000 0.001432
0.084000 0.001383
0.085000 0.001350
0.086000 0.001335
0.087000 0.001374
0.088000 0.001333
0.089000 0.001285
0.090000 0.001248
0.091000 0.001280
0.092000 0.001240
0.093000 0.001206
0.094000 0.001221
0.095000 0.001243
0.096000 0.001151
0.097000 0.001164
0.098000 0.001158
0.099000 0.001126
0.100000 0.001114
0.101000 0.001087
0.102000 0.001076
0.103000 0.001078
0.104000 0.001025
0.105000 0.001030
0.106000 0.001010
0.107000 0.000992
0.108000 0.000978
0.109000 0.000971
0.110000 0.000975
0.111000 0.000971
0.112000 0.000936
0.113000 0.000916
0.114000 0.000931
0.115000 0.000897
0.116000 0.000887
0.117000 0.000884
0.118000 0.000876
0.119000 0.000864
0.120000 0.000852
0.121000 0.000859
0.122000 0.000861
0.123000 0.000798
0.124000 0.000841
0.125000 0.000793
0.126000 0.000792
0.127000 0.000771
0.128000 0.000762
0.129000 0.000724
0.130000 0.000738
0.131000 0.000745
0.132000 0.000758
0.133000 0.000730
0.134000 0.000683
0.135000 0.000694
0.136000 0.000681
0.137000 0.000680
0.138000 0.000667
0.139000 0.000663
0.140000 0.000638
0.141000 0.000641
0.142000 0.000629
0.143000 0.000638
0.144000 0.000625
0.145000 0.000598
0.146000 0.000602
0.147000 0.000610
0.148000 0.000580
0.149000 0.000594
0.150000 0.000558
0.151000 0.000550
0.152000 0.000558
0.153000 0.000553
0.154000 0.000555
0.155000 0.000537
0.156000 0.000532
0.157000 0.000524
0.158000 0.000524
0.159000 0.000512
0.160000 0.000501
0.161000 0.000492
0.162000 0.000500
0.163000 0.000498
0.164000 0.000473
0.165000 0.000491
0.166000 0.000473
0.167000 0.000462
0.168000 0.000458
0.169000 0.000451
0.170000 0.000463
0.171000 0.000432
0.172000 0.000442
0.173000 0.000448
0.174000 0.000434
0.175000 0.000416
0.176000 0.000426
0.177000 0.000431
0.178000 0.000428
0.179000 0.000424
0.180000 0.000398
0.181000 0.000379
0.182000 0.000402
0.183000 0.000407
0.184000 0.000383
0.185000 0.000378
0.186000 0.000381
0.187000 0.000366
0.188000 0.000369
0.189000 0.000376
0.190000 0.000378
0.191000 0.000373
0.192000 0.000361
0.193000 0.000362
0.194000 0.000349
0.195000 0.000351
0.196000 0.000327
0.197000 0.000351
0.198000 0.000349
0.199000 0.000328
0.200000 0.000342
0.201000 0.000329
0.202000 0.000311
0.203000 0.000322
0.204000 0.000325
0.205000 0.000327
0.206000 0.000328
0.207000 0.000306
0.208000 0.000311
0.209000 0.000310
0.210000 0.000282
0.211000 0.000299
0.212000 0.000289
0.213000 0.000286
0.214000 0.000291
0.215000 0.000286
0.216000 0.000276
0.217000 0.000293
0.218000 0.000277
0.219000 0.000249
0.220000 0.000274
0.221000 0.000273
0.222000 0.000262
0.223000 0.000244
0.224000 0.000256
0.225000 0.000256
0.226000 0.000266
0.227000 0.000242
0.228000 0.000251
0.229000 0.000246
0.230000 0.000256
0.231000 0.000258
0.232000 0.000250
0.233000 0.000245
0.234000 0.000236
0.235000 0.000246
0.236000 0.000239
0.237000 0.000238
0.238000 0.000239
0.239000 0.000245
0.240000 0.000241
0.241000 0.000230
0.242000 0.000227
0.243000 0.000233
0.244000 0.000240
0.245000 0.000242
0.246000 0.000237
0.247000 0.000242
0.248000 0.000231
0.249000 0.000246
0.250000 0.000227
0.251000 0.000234
0.252000 0.000235
0.253000 0.000235
0.254000 0.000224
0.255000 0.000217
0.256000 0.000228
0.257000 0.000233
0.258000 0.000231
0.259000 0.000211
0.260000 0.000232
0.261000 0.000224
0.262000 0.000229
0.263000 0.000222
0.264000 0.000234
0.265000 0.000222
0.266000 0.000217
0.267000 0.000218
0.268000 0.000234
0.269000 0.000238
0.270000 0.000231
0.271000 0.000227
0.272000 0.000233
0.273000 0.000247
0.274000 0.000234
0.275000 0.000224
0.276000 0.000217
0.277000 0.000220
0.278000 0.000236
0.279000 0.000227
0.280000 0.000225
0.281000 0.000218
0.282000 0.000235
0.283000 0.000235
0.284000 0.000232
0.285000 0.000245
0.286000 0.000247
0.287000 0.000235
0.288000 0.000245
0.289000 0.000239
0.290000 0.000243
0.291000 0.000244
0.292000 0.000241
0.293000 0.000249
0.294000 0.000264
0.295000 0.000255
0.296000 0.000262
0.297000 0.000268
0.298000 0.000260
0.299000 0.000263
0.300000 0.000257
0.301000 0.000273
0.302000 0.000268
0.303000 0.000269
0.304000 0.000278
0.305000 0.000264
0.306000 0.000287
0.307000 0.000274
0.308000 0.000288
0.309000 0.000288
0.310000 0.000282
0.311000 0.000286
0.312000 0.000289
0.313000 0.000285
0.314000 0.000295
0.315000 0.000301
0.316000 0.000303
0.317000 0.000293
0.318000 0.000293
0.319000 0.000309
0.320000 0.000323
0.321000 0.000310
0.322000 0.000319
0.323000 0.000312
0.324000 0.000328
0.325000 0.000330
0.326000 0.000325
0.327000 0.000334
0.328000 0.000335
0.329000 0.000330
0.330000 0.000365
0.331000 0.000348
0.332000 0.000357
0.333000 0.000356
0.334000 0.000339
0.335000 0.000342
0.336000 0.000349
0.337000 0.000370
0.338000 0.000382
0.339000 0.000367
0.340000 0.000378
0.341000 0.000370
0.342000 0.000387
0.343000 0.000404
0.344000 0.000397
0.345000 0.000406
0.346000 0.000403
0.347000 0.000406
0.348000 0.000414
0.349000 0.000419
0.350000 0.000418
0.351000 0.000419
0.352000 0.000437
0.353000 0.000448
0.354000 0.000443
0.355000 0.000463
0.356000 0.000467
0.357000 0.000472
0.358000 0.000487
0.359000 0.000482
0.360000 0.000493
0.361000 0.000490
0.362000 0.000490
0.363000 0.000496
0.364000 0.000532
0.365000 0.000523
0.366000 0.000511
0.367000 0.000534
0.368000 0.000550
0.369000 0.000539
0.370000 0.000534
0.371000 0.000567
0.372000 0.000574
0.373000 0.000592
0.374000 0.000590
0.375000 0.000601
0.376000 0.000604
0.377000 0.000589
0.378000 0.000610
0.379000 0.000619
0.380000 0.000632
0.381000 0.000632
0.382000 0.000608
0.383000 0.000648
0.384000 0.000641
0.385000 0.000666
0.386000 0.000656
0.387000 0.000673
0.388000 0.000670
0.389000 0.000677
0.390000 0.000675
0.391000 0.000675
0.392000 0.000686
0.393000 0.000706
0.394000 0.000713
0.395000 0.000713
0.396000 0.000712
0.397000 0.000733
0.398000 0.000747
0.399000 0.000742
0.400000 0.000754
0.401000 0.000793
0.402000 0.000771
0.403000 0.000772
0.404000 0.000809
0.405000 0.000795
0.406000 0.000778
0.407000 0.000806
0.408000 0.000824
0.409000 0.000824
0.410000 0.000871
0.411000 0.000843
0.412000 0.000893
0.413000 0.000864
0.414000 0.000861
0.415000 0.000907
0.416000 0.000898
0.417000 0.000905
0.418000 0.000918
0.419000 0.000918
0.420000 0.000935
0.421000 0.000919
0.422000 0.000914
0.423000 0.000941
0.424000 0.000944
0.425000 0.000974
0.426000 0.000957
0.427000 0.001001
0.428000 0.000968
0.429000 0.000980
0.430000 0.001021
0.431000 0.001001
0.432000 0.001037
0.433000 0.001047
0.434000 0.001021
0.435000 0.001058
0.436000 0.001042
0.437000 0.001041
0.438000 0.001086
0.439000 0.001083
0.440000 0.001075
0.441000 0.001079
0.442000 0.001098
0.443000 0.001127
0.444000 0.001108
0.445000 0.001115
0.446000 0.001135
0.447000 0.001151
0.448000 0.001176
0.449000 0.001145
0.450000 0.001172
0.451000 0.001192
0.452000 0.001170
0.453000 0.001177
0.454000 0.001173
0.455000 0.001232
0.456000 0.001199
0.457000 0.001197
0.458000 0.001230
0.459000 0.001258
0.460000 0.001224
0.461000 0.001269
0.462000 0.001254
0.463000 0.001251
0.464000 0.001274
0.465000 0.001269
0.466000 0.001274
0.467000 0.001288
0.468000 0.001304
0.469000 0.001285
0.470000 0.001273
0.471000 0.001317
0.472000 0.001324
0.473000 0.001303
0.474000 0.001316
0.475000 0.001295
0.476000 0.001336
0.477000 0.001333
0.478000 0.001341
0.479000 0.001333
0.480000 0.001355
0.481000 0.001375
0.482000 0.001344
0.483000 0.001347
0.484000 0.001394
0.485000 0.001384
0.486000 0.001335
0.487000 0.001358
0.488000 0.001351
0.489000 0.001373
0.490000 0.001381
0.491000 0.001443
0.492000 0.001403
0.493000 0.001413
0.494000 0.001393
0.495000 0.001412
0.496000 0.001424
0.497000 0.001393
0.498000 0.001392
0.499000 0.001399
0.500000 0.001383
0.501000 0.001402
0.502000 0.001411
0.503000 0.001395
0.504000 0.001392
0.505000 0.001426
0.506000 0.001406
0.507000 0.001389
0.508000 0.001395
0.509000 0.001400
0.510000 0.001406
0.511000 0.001363
0.512000 0.001413
0.513000 0.001398
0.514000 0.001383
0.515000 0.001382
0.516000 0.001396
0.517000 0.001355
0.518000 0.001354
0.519000 0.001346
0.520000 0.001370
0.521000 0.001341
0.522000 0.001322
0.523000 0.001352
0.524000 0.001301
0.525000 0.001305
0.526000 0.001308
0.527000 0.001326
0.528000 0.001309
0.529000 0.001308
0.530000 0.001286
0.531000 0.001311
0.532000 0.001286
0.533000 0.001300
0.534000 0.001292
0.535000 0.001304
0.536000 0.001281
0.537000 0.001256
0.538000 0.001264
0.539000 0.001276
0.540000 0.001246
0.541000 0.001225
0.542000 0.001268
0.543000 0.001240
0.544000 0.001214
0.545000 0.001254
0.546000 0.001243
0.547000 0.001189
0.548000 0.001220
0.549000 0.001211
0.550000 0.001199
0.551000 0.001216
0.552000 0.001207
0.553000 0.001187
0.554000 0.001195
0.555000 0.001171
0.556000 0.001170
0.557000 0.001178
0.558000 0.001139
0.559000 0.001153
0.560000 0.001153
0.561000 0.001136
0.562000 0.001123
0.563000 0.001073
0.564000 0.001121
0.565000 0.001068
0.566000 0.001074
0.567000 0.001051
0.568000 0.001046
0.569000 0.001038
0.570000 0.001065
0.571000 0.001044
0.572000 0.001035
0.573000 0.001009
0.574000 0.000997
0.575000 0.001008
0.576000 0.000983
0.577000 0.000981
0.578000 0.000985
0.579000 0.000945
0.580000 0.000965
0.581000 0.000967
0.582000 0.000941
0.583000 0.000930
0.584000 0.000904
0.585000 0.000893
0.586000 0.000932
0.587000 0.000903
0.588000 0.000907
0.589000 0.000878
0.590000 0.000887
0.591000 0.000856
0.592000 0.000860
0.593000 0.000845
0.594000 0.000859
0.595000 0.000802
0.596000 0.000828
0.597000 0.000836
0.598000 0.000802
0.599000 0.000787
0.600000 0.000774
0.601000 0.000772
0.602000 0.000750
0.603000 0.000767
0.604000 0.000751
0.605000 0.000734
0.606000 0.000728
0.607000 0.000723
0.608000 0.000724
0.609000 0.000718
0.610000 0.000703
0.611000 0.000690
0.612000 0.000669
0.613000 0.000662
0.614000 0.000656
0.615000 0.000648
0.616000 0.000668
0.617000 0.000639
0.618000 0.000646
0.619000 0.000600
0.620000 0.000626
0.621000 0.000599
0.622000 0.000624
0.623000 0.000576
0.624000 0.000580
0.625000 0.000575
0.626000 0.000571
0.627000 0.000583
0.628000 0.000542
0.629000 0.000540
0.630000 0.000552
0.631000 0.000537
0.632000 0.000527
0.633000 0.000529
0.634000 0.000527
0.635000 0.000509
0.636000 0.000486
0.637000 0.000495
0.638000 0.000491
0.639000 0.000488
0.640000 0.000490
0.641000 0.000486
0.642000 0.000455
0.643000 0.000443
0.644000 0.000454
0.645000 0.000428
0.646000 0.000440
0.647000 0.000447
0.648000 0.000440
0.649000 0.000431
0.650000 0.000404
0.651000 0.000417
0.652000 0.000404
0.653000 0.000395
0.654000 0.000405
0.655000 0.000384
0.656000 0.000383
0.657000 0.000394
0.658000 0.000373
0.659000 0.000390
0.660000 0.000385
0.661000 0.000374
0.662000 0.000367
0.663000 0.000365
0.664000 0.000364
0.665000 0.000353
0.666000 0.000357
0.667000 0.000360
0.668000 0.000346
0.669000 0.000376
0.670000 0.000332
0.671000 0.000356
0.672000 0.000341
0.673000 0.000329
0.674000 0.000331
0.675000 0.000318
0.676000 0.000332
0.677000 0.000316
0.678000 0.000337
0.679000 0.000309
0.680000 0.000301
0.681000 0.000319
0.682000 0.000302
0.683000 0.000292
0.684000 0.000300
0.685000 0.000296
0.686000 0.000294
0.687000 0.000291
0.688000 0.000283
0.689000 0.000278
0.690000 0.000286
0.691000 0.000279
0.692000 0.000289
0.693000 0.000260
0.694000 0.000284
0.695000 0.000276
0.696000 0.000253
0.697000 0.000262
0.698000 0.000266
0.699000 0.000262
0.700000 0.000270
0.701000 0.000249
0.702000 0.000266
0.703000 0.000267
0.704000 0.000253
0.705000 0.000265
0.706000 0.000245
0.707000 0.000252
0.708000 0.000246
0.709000 0.000248
0.710000 0.000248
0.711000 0.000245
0.712000 0.000244
0.713000 0.000249
0.714000 0.000242
0.715000 0.000235
0.716000 0.000231
0.717000 0.000245
0.718000 0.000236
0.719000 0.000232
0.720000 0.000230
0.721000 0.000246
0.722000 0.000243
0.723000 0.000226
0.724000 0.000241
0.725000 0.000232
0.726000 0.000241
0.727000 0.000230
0.728000 0.000249
0.729000 0.000225
0.730000 0.000232
0.731000 0.000214
0.732000 0.000247
0.733000 0.000236
0.734000 0.000241
0.735000 0.000222
0.736000 0.000238
0.737000 0.000230
0.738000 0.000240
0.739000 0.000221
0.740000 0.000232
0.741000 0.000234
0.742000 0.000243
0.743000 0.000250
0.744000 0.000245
0.745000 0.000230
0.746000 0.000226
0.747000 0.000246
0.748000 0.000244
0.749000 0.000233
0.750000 0.000257
0.751000 0.000245
0.752000 0.000236
0.753000 0.000246
0.754000 0.000231
0.755000 0.000262
0.756000 0.000250
0.757000 0.000238
0.758000 0.000247
0.759000 0.000278
0.760000 0.000253
0.761000 0.000260
0.762000 0.000255
0.763000 0.000251
0.764000 0.000259
0.765000 0.000251
0.766000 0.000270
0.767000 0.000257
0.768000 0.000281
0.769000 0.000267
0.770000 0.000263
0.771000 0.000258
0.772000 0.000265
0.773000 0.000280
0.774000 0.000283
0.775000 0.000291
0.776000 0.000279
0.777000 0.000261
0.778000 0.000276
0.779000 0.000269
0.780000 0.000292
0.781000 0.000293
0.782000 0.000286
0.783000 0.000297
0.784000 0.000275
0.785000 0.000295
0.786000 0.000295
0.787000 0.000310
0.788000 0.000315
0.789000 0.000314
0.790000 0.000298
0.791000 0.000327
0.792000 0.000315
0.793000 0.000319
0.794000 0.000319
0.795000 0.000324
0.796000 0.000315
0.797000 0.000329
0.798000 0.000340
0.799000 0.000327
0.800000 0.000333
0.801000 0.000340
0.802000 0.000333
0.803000 0.000347
0.804000 0.000374
0.805000 0.000349
0.806000 0.000358
0.807000 0.000361
0.808000 0.000385
0.809000 0.000377
0.810000 0.000395
0.811000 0.000404
0.812000 0.000390
0.813000 0.000408
0.814000 0.000391
0.815000 0.000404
0.816000 0.000402
0.817000 0.000404
0.818000 0.000410
0.819000 0.000431
0.820000 0.000422
0.821000 0.000424
0.822000 0.000424
0.823000 0.000441
0.824000 0.000447
0.825000 0.000460
0.826000 0.000442
0.827000 0.000441
0.828000 0.000455
0.829000 0.000474
0.830000 0.000493
0.831000 0.000483
0.832000 0.000500
0.833000 0.000483
0.834000 0.000492
0.835000 0.000515
0.836000 0.000533
0.837000 0.000531
0.838000 0.000534
0.839000 0.000529
0.840000 0.000530
0.841000 0.000557
0.842000 0.000555
0.843000 0.000553
0.844000 0.000568
0.845000 0.000554
0.846000 0.000582
0.847000 0.000590
0.848000 0.000598
0.849000 0.000606
0.850000 0.000627
0.851000 0.000635
0.852000 0.000618
0.853000 0.000644
0.854000 0.000654
0.855000 0.000633
0.856000 0.000667
0.857000 0.000657
0.858000 0.000688
0.859000 0.000681
0.860000 0.000704
0.861000 0.000691
0.862000 0.000738
0.863000 0.000719
0.864000 0.000744
0.865000 0.000748
0.866000 0.000762
0.867000 0.000769
0.868000 0.000776
0.869000 0.000809
0.870000 0.000829
0.871000 0.000829
0.872000 0.000831
0.873000 0.000817
0.874000 0.000828
0.875000 0.000856
0.876000 0.000862
0.877000 0.000867
0.878000 0.000884
0.879000 0.000903
0.880000 0.000893
0.881000 0.000915
0.882000 0.000949
0.883000 0.000956
0.884000 0.000974
0.885000 0.000963
0.886000 0.000976
0.887000 0.000964
0.888000 0.000989
0.889000 0.001035
0.890000 0.001033
0.891000 0.001040
0.892000 0.001059
0.893000 0.001071
0.894000 0.001086
0.895000 0.001096
0.896000 0.001106
0.897000 0.001128
0.898000 0.001168
0.899000 0.001165
0.900000 0.001193
0.901000 0.001207
0.902000 0.001229
0.903000 0.001241
0.904000 0.001275
0.905000 0.001317
0.906000 0.001321
0.907000 0.001301
0.908000 0.001292
0.909000 0.001373
0.910000 0.001369
0.911000 0.001405
0.912000 0.001401
0.913000 0.001429
0.914000 0.001447
0.915000 0.001474
0.916000 0.001486
0.917000 0.001515
0.918000 0.001560
0.919000 0.001541
0.920000 0.001595
0.921000 0.001605
0.922000 0.001617
0.923000 0.001629
0.924000 0.001630
0.925000 0.001668
0.926000 0.001703
0.927000 0.001720
0.928000 0.001757
0.929000 0.001772
0.930000 0.001776
0.931000 0.001777
0.932000 0.001784
0.933000 0.001846
0.934000 0.001895
0.935000 0.001892
0.936000 0.001954
0.937000 0.001982
0.938000 0.001981
0.939000 0.002024
0.940000 0.002055
0.941000 0.002070
0.942000 0.002095
0.943000 0.002114
0.944000 0.002185
0.945000 0.002198
0.946000 0.002273
0.947000 0.002241
0.948000 0.002261
0.949000 0.002386
0.950000 0.002329
0.951000 0.002379
0.952000 0.002455
0.953000 0.002440
0.954000 0.002465
0.955000 0.002556
0.956000 0.002602
0.957000 0.002579
0.958000 0.002627
0.959000 0.002675
0.960000 0.002701
0.961000 0.002733
0.962000 0.002773
0.963000 0.002822
0.964000 0.002842
0.965000 0.002943
0.966000 0.002858
0.967000 0.002996
0.968000 0.002970
0.969000 0.003030
0.970000 0.003053
0.971000 0.003105
0.972000 0.003165
0.973000 0.003196
0.974000 0.003229
0.975000 0.003282
0.976000 0.003331
0.977000 0.003361
0.978000 0.003440
0.979000 0.003442
0.980000 0.003548
0.981000 0.003616
0.982000 0.003616
0.983000 0.003654
0.984000 0.003737
0.985000 0.003829
0.986000 0.003866
0.987000 0.003956
0.988000 0.003961
0.989000 0.004025
0.990000 0.004064
0.991000 0.004192
0.992000 0.004214
0.993000 0.004302
0.994000 0.004368
0.995000 0.004337
0.996000 0.004537
0.997000 0.004571
0.998000 0.004658
0.999000 0.004754
1.000000 0.004696

0.001000 0.006770
0.002000 0.006384
0.003000 0.006430
0.004000 0.006322
0.005000 0.006159
0.006000 0.006037
0.007000 0.005951
0.008000 0.005781
0.009000 0.005640
0.010000 0.005584
0.011000 0.005568
0.012000 0.005410
0.013000 0.005307
0.014000 0.005149
0.015000 0.005018
0.016000 0.004910
0.017000 0.004789
0.018000 0.004743
0.019000 0.004623
0.020000 0.004584
0.021000 0.004455
0.022000 0.004432
0.023000 0.004285
0.024000 0.004217
0.025000 0.004170
0.026000 0.004032
0.027000 0.004002
0.028000 0.003875
0.029000 0.003794
0.030000 0.003698
0.031000 0.003619
0.032000 0.003609
0.033000 0.003567
0.034000 0.003468
0.035000 0.003384
0.036000 0.003323
0.037000 0.003247
0.038000 0.003191
0.039000 0.003111
0.040000 0.003078
0.041000 0.002981
0.042000 0.002970
0.043000 0.002865
0.044000 0.002849
0.045000 0.002759
0.046000 0.002699
0.047000 0.002695
0.048000 0.002585
0.049000 0.002567
0.050000 0.002531
0.051000 0.002462
0.052000 0.002416
0.053000 0.002365
0.054000 0.002322
0.055000 0.002299
0.056000 0.002226
0.057000 0.002221
0.058000 0.002139
0.059000 0.002112
0.060000 0.002045
0.061000 0.002016
0.062000 0.001993
0.063000 0.001918
0.064000 0.001911
0.065000 0.001874
0.066000 0.001817
0.067000 0.001791
0.068000 0.001754
0.069000 0.001692
0.070000 0.001634
0.071000 0.001607
0.072000 0.001593
0.073000 0.001564
0.074000 0.001548
0.075000 0.001516
0.076000 0.001513
0.077000 0.001468
0.078000 0.001457
0.079000 0.001395
0.080000 0.001389
0.081000 0.001364
0.082000 0.001297
0.083000 0.001310
0.084000 0.001220
0.085000 0.001216
0.086000 0.001198
0.087000 0.001180
0.088000 0.001154
0.089000 0.001124
0.090000 0.001130
0.091000 0.001089
0.092000 0.001027
0.093000 0.001032
0.094000 0.001034
0.095000 0.001011
0.096000 0.000994
0.097000 0.000920
0.098000 0.000950
0.099000 0.000907
0.100000 0.000893
0.101000 0.000907
0.102000 0.000852
0.103000 0.000842
0.104000 0.000785
0.105000 0.000816
0.106000 0.000794
0.107000 0.000787
0.108000 0.000749
0.109000 0.000725
0.110000 0.000694
0.111000 0.000679
0.112000 0.000695
0.113000 0.000668
0.114000 0.000649
0.115000 0.000644
0.116000 0.000608
0.117000 0.000605
0.118000 0.000600
0.119000 0.000578
0.120000 0.000569
0.121000 0.000540
0.122000 0.000545
0.123000 0.000543
0.124000 0.000512
0.125000 0.000512
0.126000 0.000485
0.127000 0.000497
0.128000 0.000473
0.129000 0.000477
0.130000 0.000433
0.131000 0.000434
0.132000 0.000437
0.133000 0.000418
0.134000 0.000419
0.135000 0.000422
0.136000 0.000401
0.137000 0.000387
0.138000 0.000381
0.139000 0.000373
0.140000 0.000377
0.141000 0.000377
0.142000 0.000375
0.143000 0.000341
0.144000 0.000364
0.145000 0.000338
0.146000 0.000335
0.147000 0.000317
0.148000 0.000304
0.149000 0.000291
0.150000 0.000293
0.151000 0.000289
0.152000 0.000261
0.153000 0.000282
0.154000 0.000251
0.155000 0.000265
0.156000 0.000246
0.157000 0.000241
0.158000 0.000244
0.159000 0.000234
0.160000 0.000231
0.161000 0.000232
0.162000 0.000231
0.163000 0.000216
0.164000 0.000197
0.165000 0.000194
0.166000 0.000197
0.167000 0.000191
0.168000 0.000192
0.169000 0.000196
0.170000 0.000167
0.171000 0.000169
0.172000 0.000176
0.173000 0.000164
0.174000 0.000169
0.175000 0.000161
0.176000 0.000140
0.177000 0.000153
0.178000 0.000155
0.179000 0.000139
0.180000 0.000142
0.181000 0.000134
0.182000 0.000132
0.183000 0.000127
0.184000 0.000119
0.185000 0.000116
0.186000 0.000113
0.187000 0.000113
0.188000 0.000103
0.189000 0.000102
0.190000 0.000101
0.191000 0.000096
0.192000 0.000095
0.193000 0.000101
0.194000 0.000095
0.195000 0.000086
0.196000 0.000087
0.197000 0.000095
0.198000 0.000089
0.199000 0.000084
0.200000 0.000090
0.201000 0.000082
0.202000 0.000080
0.203000 0.000078
0.204000 0.000075
0.205000 0.000074
0.206000 0.000069
0.207000 0.000067
0.208000 0.000069
0.209000 0.000061
0.210000 0.000067
0.211000 0.000066
0.212000 0.000060
0.213000 0.000062
0.214000 0.000059
0.215000 0.000057
0.216000 0.000053
0.217000 0.000049
0.218000 0.000051
0.219000 0.000049
0.220000 0.000046
0.221000 0.000051
0.222000 0.000046
0.223000 0.000043
0.224000 0.000046
0.225000 0.000038
0.226000 0.000039
0.227000 0.000043
0.228000 0.000032
0.229000 0.000036
0.230000 0.000033
0.231000 0.000036
0.232000 0.000036
0.233000 0.000033
0.234000 0.000029
0.235000 0.000029
0.236000 0.000030
0.237000 0.000032
0.238000 0.000027
0.239000 0.000027
0.240000 0.000025
0.241000 0.000023
0.242000 0.000027
0.243000 0.000030
0.244000 0.000027
0.245000 0.000023
0.246000 0.000022
0.247000 0.000024
0.248000 0.000020
0.249000 0.000024
0.250000 0.000022
0.251000 0.000022
0.252000 0.000022
0.253000 0.000021
0.254000 0.000017
0.255000 0.000017
0.256000 0.000016
0.257000 0.000020
0.258000 0.000016
0.259000 0.000014
0.260000 0.000017
0.261000 0.000016
0.262000 0.000018
0.263000 0.000015
0.264000 0.000018
0.265000 0.000017
0.266000 0.000015
0.267000 0.000012
0.268000 0.000015
0.269000 0.000016
0.270000 0.000017
0.271000 0.000016
0.272000 0.000016
0.273000 0.000015
0.274000 0.000016
0.275000 0.000016
0.276000 0.000015
0.277000 0.000015
0.278000 0.000013
0.279000 0.000017
0.280000 0.000018
0.281000 0.000016
0.282000 0.000015
0.283000 0.000018
0.284000 0.000017
0.285000 0.000018
0.286000 0.000019
0.287000 0.000016
0.288000 0.000020
0.289000 0.000015
0.290000 0.000019
0.291000 0.000017
0.292000 0.000021
0.293000 0.000018
0.294000 0.000022
0.295000 0.000018
0.296000 0.000016
0.297000 0.000022
0.298000 0.000020
0.299000 0.000018
0.300000 0.000025
0.301000 0.000021
0.302000 0.000022
0.303000 0.000025
0.304000 0.000023
0.305000 0.000022
0.306000 0.000024
0.307000 0.000026
0.308000 0.000026
0.309000 0.000029
0.310000 0.000025
0.311000 0.000028
0.312000 0.000034
0.313000 0.000033
0.314000 0.000033
0.315000 0.000033
0.316000 0.000033
0.317000 0.000035
0.318000 0.000034
0.319000 0.000042
0.320000 0.000039
0.321000 0.000040
0.322000 0.000042
0.323000 0.000047
0.324000 0.000046
0.325000 0.000047
0.326000 0.000045
0.327000 0.000054
0.328000 0.000047
0.329000 0.000059
0.330000 0.000058
0.331000 0.000060
0.332000 0.000059
0.333000 0.000053
0.334000 0.000064
0.335000 0.000058
0.336000 0.000072
0.337000 0.000075
0.338000 0.000073
0.339000 0.000073
0.340000 0.000076
0.341000 0.000079
0.342000 0.000084
0.343000 0.000094
0.344000 0.000092
0.345000 0.000099
0.346000 0.000102
0.347000 0.000108
0.348000 0.000103
0.349000 0.000112
0.350000 0.000116
0.351000 0.000116
0.352000 0.000130
0.353000 0.000123
0.354000 0.000129
0.355000 0.000139
0.356000 0.000142
0.357000 0.000142
0.358000 0.000154
0.359000 0.000154
0.360000 0.000163
0.361000 0.000156
0.362000 0.000177
0.363000 0.000173
0.364000 0.000190
0.365000 0.000190
0.366000 0.000199
0.367000 0.000204
0.368000 0.000212
0.369000 0.000206
0.370000 0.000220
0.371000 0.000242
0.372000 0.000250
0.373000 0.000253
0.374000 0.000257
0.375000 0.000276
0.376000 0.000280
0.377000 0.000281
0.378000 0.000281
0.379000 0.000299
0.380000 0.000317
0.381000 0.000343
0.382000 0.000314
0.383000 0.000338
0.384000 0.000350
0.385000 0.000384
0.386000 0.000375
0.387000 0.000391
0.388000 0.000404
0.389000 0.000394
0.390000 0.000415
0.391000 0.000421
0.392000 0.000442
0.393000 0.000458
0.394000 0.000467
0.395000 0.000483
0.396000 0.000499
0.397000 0.000482
0.398000 0.000515
0.399000 0.000525
0.400000 0.000535
0.401000 0.000575
0.402000 0.000584
0.403000 0.000586
0.404000 0.000603
0.405000 0.000625
0.406000 0.000644
0.407000 0.000644
0.408000 0.000644
0.409000 0.000681
0.410000 0.000712
0.411000 0.000716
0.412000 0.000723
0.413000 0.000739
0.414000 0.000765
0.415000 0.000770
0.416000 0.000785
0.417000 0.000800
0.418000 0.000817
0.419000 0.000813
0.420000 0.000877
0.421000 0.000881
0.422000 0.000920
0.423000 0.000922
0.424000 0.000935
0.425000 0.000948
0.426000 0.000975
0.427000 0.001012
0.428000 0.001023
0.429000 0.001041
0.430000 0.001076
0.431000 0.001070
0.432000 0.001111
0.433000 0.001107
0.434000 0.001152
0.435000 0.001140
0.436000 0.001203
0.437000 0.001202
0.438000 0.001218
0.439000 0.001260
0.440000 0.001238
0.441000 0.001302
0.442000 0.001290
0.443000 0.001318
0.444000 0.001344
0.445000 0.001356
0.446000 0.001416
0.447000 0.001439
0.448000 0.001442
0.449000 0.001459
0.450000 0.001468
0.451000 0.001537
0.452000 0.001529
0.453000 0.001573
0.454000 0.001550
0.455000 0.001567
0.456000 0.001593
0.457000 0.001648
0.458000 0.001662
0.459000 0.001669
0.460000 0.001685
0.461000 0.001720
0.462000 0.001749
0.463000 0.001722
0.464000 0.001744
0.465000 0.001777
0.466000 0.001799
0.467000 0.001807
0.468000 0.001812
0.469000 0.001845
0.470000 0.001873
0.471000 0.001867
0.472000 0.001897
0.473000 0.001914
0.474000 0.001951
0.475000 0.001989
0.476000 0.001953
0.477000 0.001998
0.478000 0.002040
0.479000 0.002027
0.480000 0.002038
0.481000 0.002032
0.482000 0.002062
0.483000 0.002040
0.484000 0.002071
0.485000 0.002064
0.486000 0.002099
0.487000 0.002074
0.488000 0.002077
0.489000 0.002097
0.490000 0.002085
0.491000 0.002115
0.492000 0.002124
0.493000 0.002141
0.494000 0.002139
0.495000 0.002115
0.496000 0.002127
0.497000 0.002143
0.498000 0.002093
0.499000 0.002136
0.500000 0.002124
0.501000 0.002141
0.502000 0.002145
0.503000 0.002145
0.504000 0.002145
0.505000 0.002194
0.506000 0.002129
0.507000 0.002115
0.508000 0.002101
0.509000 0.002132
0.510000 0.002102
0.511000 0.002115
0.512000 0.002131
0.513000 0.002076
0.514000 0.002086
0.515000 0.002080
0.516000 0.002084
0.517000 0.002063
0.518000 0.002028
0.519000 0.002042
0.520000 0.002000
0.521000 0.002021
0.522000 0.001985
0.523000 0.001998
0.524000 0.002018
0.525000 0.001968
0.526000 0.001959
0.527000 0.001914
0.528000 0.001967
0.529000 0.001892
0.530000 0.001909
0.531000 0.001904
0.532000 0.001879
0.533000 0.001851
0.534000 0.001843
0.535000 0.001788
0.536000 0.001806
0.537000 0.001766
0.538000 0.001742
0.539000 0.001718
0.540000 0.001737
0.541000 0.001708
0.542000 0.001693
0.543000 0.001677
0.544000 0.001656
0.545000 0.001603
0.546000 0.001618
0.547000 0.001574
0.548000 0.001548
0.549000 0.001513
0.550000 0.001516
0.551000 0.001479
0.552000 0.001465
0.553000 0.001454
0.554000 0.001396
0.555000 0.001408
0.556000 0.001383
0.557000 0.001365
0.558000 0.001337
0.559000 0.001325
0.560000 0.001295
0.561000 0.001262
0.562000 0.001255
0.563000 0.001250
0.564000 0.001231
0.565000 0.001195
0.566000 0.001168
0.567000 0.001145
0.568000 0.001116
0.569000 0.001120
0.570000 0.001118
0.571000 0.001072
0.572000 0.001078
0.573000 0.001045
0.574000 0.001008
0.575000 0.000986
0.576000 0.000989
0.577000 0.000957
0.578000 0.000936
0.579000 0.000932
0.580000 0.000875
0.581000 0.000910
0.582000 0.000864
0.583000 0.000843
0.584000 0.000812
0.585000 0.000783
0.586000 0.000773
0.587000 0.000763
0.588000 0.000747
0.589000 0.000748
0.590000 0.000720
0.591000 0.000711
0.592000 0.000676
0.593000 0.000664
0.594000 0.000646
0.595000 0.000633
0.596000 0.000615
0.597000 0.000603
0.598000 0.000582
0.599000 0.000552
0.600000 0.000544
0.601000 0.000523
0.602000 0.000521
0.603000 0.000515
0.604000 0.000488
0.605000 0.000460
0.606000 0.000461
0.607000 0.000433
0.608000 0.000449
0.609000 0.000430
0.610000 0.000426
0.611000 0.000412
0.612000 0.000383
0.613000 0.000385
0.614000 0.000364
0.615000 0.000366
0.616000 0.000363
0.617000 0.000341
0.618000 0.000347
0.619000 0.000322
0.620000 0.000317
0.621000 0.000302
0.622000 0.000295
0.623000 0.000296
0.624000 0.000268
0.625000 0.000268
0.626000 0.000273
0.627000 0.000250
0.628000 0.000238
0.629000 0.000227
0.630000 0.000233
0.631000 0.000208
0.632000 0.000206
0.633000 0.000215
0.634000 0.000196
0.635000 0.000201
0.636000 0.000180
0.637000 0.000174
0.638000 0.000164
0.639000 0.000170
0.640000 0.000159
0.641000 0.000167
0.642000 0.000167
0.643000 0.000140
0.644000 0.000140
0.645000 0.000137
0.646000 0.000141
0.647000 0.000143
0.648000 0.000126
0.649000 0.000124
0.650000 0.000113
0.651000 0.000115
0.652000 0.000113
0.653000 0.000111
0.654000 0.000112
0.655000 0.000100
0.656000 0.000098
0.657000 0.000091
0.658000 0.000093
0.659000 0.000100
0.660000 0.000086
0.661000 0.000075
0.662000 0.000072
0.663000 0.000080
0.664000 0.000070
0.665000 0.000075
0.666000 0.000065
0.667000 0.000067
0.668000 0.000062
0.669000 0.000056
0.670000 0.000059
0.671000 0.000053
0.672000 0.000054
0.673000 0.000053
0.674000 0.000049
0.675000 0.000046
0.676000 0.000049
0.677000 0.000053
0.678000 0.000042
0.679000 0.000037
0.680000 0.000041
0.681000 0.000037
0.682000 0.000035
0.683000 0.000039
0.684000 0.000036
0.685000 0.000036
0.686000 0.000032
0.687000 0.000033
0.688000 0.000030
0.689000 0.000026
0.690000 0.000026
0.691000 0.000029
0.692000 0.000025
0.693000 0.000021
0.694000 0.000024
0.695000 0.000021
0.696000 0.000021
0.697000 0.000020
0.698000 0.000019
0.699000 0.000019
0.700000 0.000018
0.701000 0.000019
0.702000 0.000017
0.703000 0.000016
0.704000 0.000015
0.705000 0.000015
0.706000 0.000015
0.707000 0.000016
0.708000 0.000014
0.709000 0.000014
0.710000 0.000013
0.711000 0.000019
0.712000 0.000014
0.713000 0.000016
0.714000 0.000012
0.715000 0.000013
0.716000 0.000012
0.717000 0.000012
0.718000 0.000013
0.719000 0.000013
0.720000 0.000013
0.721000 0.000014
0.722000 0.000013
0.723000 0.000013
0.724000 0.000013
0.725000 0.000015
0.726000 0.000010
0.727000 0.000013
0.728000 0.000014
0.729000 0.000012
0.730000 0.000014
0.731000 0.000015
0.732000 0.000014
0.733000 0.000014
0.734000 0.000018
0.735000 0.000017
0.736000 0.000017
0.737000 0.000016
0.738000 0.000017
0.739000 0.000017
0.740000 0.000015
0.741000 0.000018
0.742000 0.000019
0.743000 0.000021
0.744000 0.000021
0.745000 0.000021
0.746000 0.000019
0.747000 0.000021
0.748000 0.000019
0.749000 0.000020
0.750000 0.000020
0.751000 0.000022
0.752000 0.000019
0.753000 0.000023
0.754000 0.000025
0.755000 0.000022
0.756000 0.000025
0.757000 0.000024
0.758000 0.000023
0.759000 0.000026
0.760000 0.000027
0.761000 0.000027
0.762000 0.000023
0.763000 0.000029
0.764000 0.000030
0.765000 0.000029
0.766000 0.000026
0.767000 0.000035
0.768000 0.000034
0.769000 0.000031
0.770000 0.000034
0.771000 0.000034
0.772000 0.000035
0.773000 0.000038
0.774000 0.000041
0.775000 0.000037
0.776000 0.000037
0.777000 0.000041
0.778000 0.000040
0.779000 0.000039
0.780000 0.000045
0.781000 0.000050
0.782000 0.000047
0.783000 0.000046
0.784000 0.000048
0.785000 0.000053
0.786000 0.000059
0.787000 0.000052
0.788000 0.000055
0.789000 0.000057
0.790000 0.000062
0.791000 0.000061
0.792000 0.000062
0.793000 0.000067
0.794000 0.000061
0.795000 0.000065
0.796000 0.000074
0.797000 0.000077
0.798000 0.000071
0.799000 0.000081
0.800000 0.000076
0.801000 0.000082
0.802000 0.000089
0.803000 0.000076
0.804000 0.000087
0.805000 0.000098
0.806000 0.000095
0.807000 0.000098
0.808000 0.000095
0.809000 0.000098
0.810000 0.000105
0.811000 0.000104
0.812000 0.000107
0.813000 0.000112
0.814000 0.000129
0.815000 0.000127
0.816000 0.000125
0.817000 0.000121
0.818000 0.000135
0.819000 0.000138
0.820000 0.000143
0.821000 0.000147
0.822000 0.000136
0.823000 0.000157
0.824000 0.000149
0.825000 0.000166
0.826000 0.000166
0.827000 0.000164
0.828000 0.000178
0.829000 0.000170
0.830000 0.000173
0.831000 0.000191
0.832000 0.000190
0.833000 0.000184
0.834000 0.000200
0.835000 0.000206
0.836000 0.000208
0.837000 0.000208
0.838000 0.000230
0.839000 0.000235
0.840000 0.000223
0.841000 0.000236
0.842000 0.000241
0.843000 0.000236
0.844000 0.000265
0.845000 0.000246
0.846000 0.000248
0.847000 0.000275
0.848000 0.000268
0.849000 0.000272
0.850000 0.000287
0.851000 0.000292
0.852000 0.000301
0.853000 0.000306
0.854000 0.000307
0.855000 0.000328
0.856000 0.000326
0.857000 0.000337
0.858000 0.000348
0.859000 0.000354
0.860000 0.000372
0.861000 0.000387
0.862000 0.000381
0.863000 0.000387
0.864000 0.000404
0.865000 0.000398
0.866000 0.000427
0.867000 0.000437
0.868000 0.000446
0.869000 0.000446
0.870000 0.000473
0.871000 0.000490
0.872000 0.000483
0.873000 0.000504
0.874000 0.000498
0.875000 0.000535
0.876000 0.000549
0.877000 0.000548
0.878000 0.000546
0.879000 0.000570
0.880000 0.000592
0.881000 0.000610
0.882000 0.000613
0.883000 0.000623
0.884000 0.000629
0.885000 0.000644
0.886000 0.000648
0.887000 0.000702
0.888000 0.000700
0.889000 0.000713
0.890000 0.000736
0.891000 0.000732
0.892000 0.000760
0.893000 0.000789
0.894000 0.000818
0.895000 0.000816
0.896000 0.000805
0.897000 0.000848
0.898000 0.000853
0.899000 0.000879
0.900000 0.000922
0.901000 0.000911
0.902000 0.000955
0.903000 0.000972
0.904000 0.001006
0.905000 0.001023
0.906000 0.001064
0.907000 0.001020
0.908000 0.001092
0.909000 0.001088
0.910000 0.001130
0.911000 0.001164
0.912000 0.001174
0.913000 0.001215
0.914000 0.001247
0.915000 0.001268
0.916000 0.001276
0.917000 0.001312
0.918000 0.001353
0.919000 0.001373
0.920000 0.001416
0.921000 0.001419
0.922000 0.001469
0.923000 0.001503
0.924000 0.001524
0.925000 0.001560
0.926000 0.001584
0.927000 0.001631
0.928000 0.001643
0.929000 0.001683
0.930000 0.001705
0.931000 0.001729
0.932000 0.001804
0.933000 0.001835
0.934000 0.001900
0.935000 0.001923
0.936000 0.001960
0.937000 0.002001
0.938000 0.002034
0.939000 0.002095
0.940000 0.002142
0.941000 0.002158
0.942000 0.002203
0.943000 0.002231
0.944000 0.002301
0.945000 0.002352
0.946000 0.002383
0.947000 0.002425
0.948000 0.002505
0.949000 0.002577
0.950000 0.002596
0.951000 0.002645
0.952000 0.002704
0.953000 0.002762
0.954000 0.002800
0.955000 0.002897
0.956000 0.002916
0.957000 0.003025
0.958000 0.003120
0.959000 0.003154
0.960000 0.003208
0.961000 0.003230
0.962000 0.003347
0.963000 0.003360
0.964000 0.003451
0.965000 0.003544
0.966000 0.003547
0.967000 0.003681
0.968000 0.003769
0.969000 0.003839
0.970000 0.003933
0.971000 0.003948
0.972000 0.004072
0.973000 0.004166
0.974000 0.004189
0.975000 0.004355
0.976000 0.004338
0.977000 0.004405
0.978000 0.004496
0.979000 0.004632
0.980000 0.004750
0.981000 0.004811
0.982000 0.004961
0.983000 0.004975
0.984000 0.005128
0.985000 0.005214
0.986000 0.005359
0.987000 0.005354
0.988000 0.005529
0.989000 0.005627
0.990000 0.005663
0.991000 0.005874
0.992000 0.006082
0.993000 0.006024
0.994000 0.006151
0.995000 0.006331
0.996000 0.006486
0.997000 0.006636
0.998000 0.006775
0.999000 0.006884
1.000000 0.006910

0.001000 0.011807
0.002000 0.011258
0.003000 0.010786
0.004000 0.010409
0.005000 0.010200
0.006000 0.009810
0.007000 0.009406
0.008000 0.009166
0.009000 0.008814
0.010000 0.008508
0.011000 0.008212
0.012000 0.007888
0.013000 0.007711
0.014000 0.007389
0.015000 0.007158
0.016000 0.006841
0.017000 0.006746
0.018000 0.006381
0.019000 0.006231
0.020000 0.006071
0.021000 0.005783
0.022000 0.005595
0.023000 0.005344
0.024000 0.005125
0.025000 0.004978
0.026000 0.004768
0.027000 0.004676
0.028000 0.004511
0.029000 0.004345
0.030000 0.004142
0.031000 0.004020
0.032000 0.003887
0.033000 0.003699
0.034000 0.003549
0.035000 0.003408
0.036000 0.003310
0.037000 0.003180
0.038000 0.003054
0.039000 0.002958
0.040000 0.002823
0.041000 0.002696
0.042000 0.002636
0.043000 0.002518
0.044000 0.002465
0.045000 0.002319
0.046000 0.002246
0.047000 0.002213
0.048000 0.002078
0.049000 0.001992
0.050000 0.001950
0.051000 0.001860
0.052000 0.001791
0.053000 0.001693
0.054000 0.001645
0.055000 0.001590
0.056000 0.001513
0.057000 0.001431
0.058000 0.001424
0.059000 0.001343
0.060000 0.001261
0.061000 0.001247
0.062000 0.001184
0.063000 0.001151
0.064000 0.001098
0.065000 0.001043
0.066000 0.000994
0.067000 0.000958
0.068000 0.000921
0.069000 0.000863
0.070000 0.000864
0.071000 0.000830
0.072000 0.000767
0.073000 0.000710
0.074000 0.000723
0.075000 0.000709
0.076000 0.000660
0.077000 0.000631
0.078000 0.000600
0.079000 0.000573
0.080000 0.000559
0.081000 0.000527
0.082000 0.000486
0.083000 0.000508
0.084000 0.000485
0.085000 0.000450
0.086000 0.000434
0.087000 0.000417
0.088000 0.000385
0.089000 0.000362
0.090000 0.000373
0.091000 0.000337
0.092000 0.000325
0.093000 0.000301
0.094000 0.000289
0.095000 0.000297
0.096000 0.000272
0.097000 0.000252
0.098000 0.000250
0.099000 0.000245
0.100000 0.000235
0.101000 0.000219
0.102000 0.000207
0.103000 0.000190
0.104000 0.000185
0.105000 0.000173
0.106000 0.000168
0.107000 0.000164
0.108000 0.000154
0.109000 0.000147
0.110000 0.000147
0.111000 0.000136
0.112000 0.000126
0.113000 0.000113
0.114000 0.000111
0.115000 0.000122
0.116000 0.000108
0.117000 0.000099
0.118000 0.000097
0.119000 0.000083
0.120000 0.000092
0.121000 0.000078
0.122000 0.000081
0.123000 0.000066
0.124000 0.000068
0.125000 0.000076
0.126000 0.000061
0.127000 0.000058
0.128000 0.000058
0.129000 0.000057
0.130000 0.000057
0.131000 0.000053
0.132000 0.000048
0.133000 0.000040
0.134000 0.000042
0.135000 0.000038
0.136000 0.000039
0.137000 0.000038
0.138000 0.000037
0.139000 0.000030
0.140000 0.000030
0.141000 0.000029
0.142000 0.000030
0.143000 0.000021
0.144000 0.000020
0.145000 0.000031
0.146000 0.000024
0.147000 0.000017
0.148000 0.000019
0.149000 0.000024
0.150000 0.000020
0.151000 0.000021
0.152000 0.000015
0.153000 0.000017
0.154000 0.000013
0.155000 0.000018
0.156000 0.000014
0.157000 0.000013
0.158000 0.000015
0.159000 0.000009
0.160000 0.000010
0.161000 0.000012
0.162000 0.000011
0.163000 0.000013
0.164000 0.000010
0.165000 0.000011
0.166000 0.000008
0.167000 0.000010
0.168000 0.000009
0.169000 0.000010
0.170000 0.000008
0.171000 0.000005
0.172000 0.000004
0.173000 0.000005
0.174000 0.000006
0.175000 0.000005
0.176000 0.000004
0.177000 0.000004
0.178000 0.000004
0.179000 0.000002
0.180000 0.000004
0.181000 0.000002
0.182000 0.000003
0.183000 0.000002
0.184000 0.000003
0.185000 0.000004
0.186000 0.000002
0.187000 0.000002
0.188000 0.000001
0.189000 0.000000
0.190000 0.000002
0.191000 0.000001
0.192000 0.000001
0.193000 0.000001
0.194000 0.000001
0.195000 0.000002
0.196000 0.000001
0.197000 0.000000
0.198000 0.000001
0.199000 0.000000
0.200000 0.000000
0.201000 0.000001
0.202000 0.000001
0.203000 0.000000
0.204000 0.000001
0.205000 0.000000
0.206000 0.000000
0.207000 0.000000
0.208000 0.000001
0.209000 0.000001
0.210000 0.000001
0.211000 0.000000
0.212000 0.000000
0.213000 0.000000
0.214000 0.000000
0.215000 0.000000
0.216000 0.000000
0.217000 0.000000
0.218000 0.000001
0.219000 0.000001
0.220000 0.000001
0.221000 0.000000
0.222000 0.000000
0.223000 0.000000
0.224000 0.000000
0.225000 0.000000
0.227000 0.000000
0.230000 0.000000
0.231000 0.000000
0.235000 0.000000
0.242000 0.000000
0.260000 0.000000
0.263000 0.000000
0.273000 0.000000
0.313000 0.000000
0.318000 0.000000
0.320000 0.000000
0.321000 0.000000
0.322000 0.000000
0.323000 0.000000
0.327000 0.000000
0.328000 0.000000
0.329000 0.000001
0.330000 0.000000
0.331000 0.000000
0.332000 0.000001
0.333000 0.000000
0.334000 0.000000
0.335000 0.000001
0.336000 0.000000
0.337000 0.000001
0.338000 0.000000
0.339000 0.000001
0.340000 0.000001
0.341000 0.000002
0.342000 0.000001
0.343000 0.000000
0.344000 0.000001
0.345000 0.000001
0.346000 0.000000
0.347000 0.000001
0.348000 0.000002
0.349000 0.000001
0.350000 0.000001
0.351000 0.000002
0.352000 0.000002
0.353000 0.000001
0.354000 0.000002
0.355000 0.000002
0.356000 0.000001
0.357000 0.000001
0.358000 0.000002
0.359000 0.000004
0.360000 0.000002
0.361000 0.000002
0.362000 0.000003
0.363000 0.000002
0.364000 0.000003
0.365000 0.000005
0.366000 0.000005
0.367000 0.000005
0.368000 0.000003
0.369000 0.000006
0.370000 0.000006
0.371000 0.000008
0.372000 0.000006
0.373000 0.000008
0.374000 0.000007
0.375000 0.000010
0.376000 0.000010
0.377000 0.000009
0.378000 0.000013
0.379000 0.000013
0.380000 0.000017
0.381000 0.000014
0.382000 0.000018
0.383000 0.000019
0.384000 0.000021
0.385000 0.000020
0.386000 0.000024
0.387000 0.000027
0.388000 0.000029
0.389000 0.000034
0.390000 0.000040
0.391000 0.000045
0.392000 0.000039
0.393000 0.000048
0.394000 0.000055
0.395000 0.000050
0.396000 0.000061
0.397000 0.000047
0.398000 0.000060
0.399000 0.000066
0.400000 0.000075
0.401000 0.000083
0.402000 0.000089
0.403000 0.000095
0.404000 0.000095
0.405000 0.000108
0.406000 0.000115
0.407000 0.000116
0.408000 0.000109
0.409000 0.000128
0.410000 0.000152
0.411000 0.000163
0.412000 0.000171
0.413000 0.000172
0.414000 0.000176
0.415000 0.000199
0.416000 0.000196
0.417000 0.000225
0.418000 0.000250
0.419000 0.000251
0.420000 0.000266
0.421000 0.000267
0.422000 0.000306
0.423000 0.000306
0.424000 0.000351
0.425000 0.000353
0.426000 0.000362
0.427000 0.000375
0.428000 0.000439
0.429000 0.000428
0.430000 0.000475
0.431000 0.000499
0.432000 0.000535
0.433000 0.000544
0.434000 0.000597
0.435000 0.000619
0.436000 0.000637
0.437000 0.000668
0.438000 0.000727
0.439000 0.000753
0.440000 0.000789
0.441000 0.000813
0.442000 0.000871
0.443000 0.000914
0.444000 0.000961
0.445000 0.001009
0.446000 0.001067
0.447000 0.001093
0.448000 0.001146
0.449000 0.001220
0.450000 0.001268
0.451000 0.001354
0.452000 0.001406
0.453000 0.001371
0.454000 0.001495
0.455000 0.001530
0.456000 0.001616
0.457000 0.001671
0.458000 0.001686
0.459000 0.001770
0.460000 0.001810
0.461000 0.001893
0.462000 0.002006
0.463000 0.002011
0.464000 0.002148
0.465000 0.002235
0.466000 0.002245
0.467000 0.002363
0.468000 0.002415
0.469000 0.002499
0.470000 0.002539
0.471000 0.002585
0.472000 0.002689
0.473000 0.002728
0.474000 0.002853
0.475000 0.002889
0.476000 0.002930
0.477000 0.003043
0.478000 0.003119
0.479000 0.003164
0.480000 0.003202
0.481000 0.003267
0.482000 0.003346
0.483000 0.003355
0.484000 0.003459
0.485000 0.003467
0.486000 0.003538
0.487000 0.003622
0.488000 0.003639
0.489000 0.003644
0.490000 0.003749
0.491000 0.003695
0.492000 0.003753
0.493000 0.003833
0.494000 0.003773
0.495000 0.003813
0.496000 0.003821
0.497000 0.003852
0.498000 0.003880
0.499000 0.003880
0.500000 0.003937
0.501000 0.003821
0.502000 0.003914
0.503000 0.003807
0.504000 0.003913
0.505000 0.003872
0.506000 0.003837
0.507000 0.003809
0.508000 0.003802
0.509000 0.003752
0.510000 0.003790
0.511000 0.003648
0.512000 0.003688
0.513000 0.003609
0.514000 0.003572
0.515000 0.003529
0.516000 0.003481
0.517000 0.003459
0.518000 0.003376
0.519000 0.003346
0.520000 0.003280
0.521000 0.003182
0.522000 0.003151
0.523000 0.003122
0.524000 0.003025
0.525000 0.002949
0.526000 0.002849
0.527000 0.002802
0.528000 0.002766
0.529000 0.002688
0.530000 0.002602
0.531000 0.002526
0.532000 0.002440
0.533000 0.002362
0.534000 0.002334
0.535000 0.002238
0.536000 0.002190
0.537000 0.002145
0.538000 0.002066
0.539000 0.002023
0.540000 0.001953
0.541000 0.001879
0.542000 0.001808
0.543000 0.001735
0.544000 0.001684
0.545000 0.001598
0.546000 0.001534
0.547000 0.001481
0.548000 0.001438
0.549000 0.001382
0.550000 0.001320
0.551000 0.001275
0.552000 0.001211
0.553000 0.001183
0.554000 0.001134
0.555000 0.001084
0.556000 0.001030
0.557000 0.001007
0.558000 0.000965
0.559000 0.000902
0.560000 0.000891
0.561000 0.000840
0.562000 0.000799
0.563000 0.000738
0.564000 0.000724
0.565000 0.000673
0.566000 0.000633
0.567000 0.000627
0.568000 0.000602
0.569000 0.000569
0.570000 0.000544
0.571000 0.000514
0.572000 0.000486
0.573000 0.000460
0.574000 0.000437
0.575000 0.000383
0.576000 0.000384
0.577000 0.000374
0.578000 0.000332
0.579000 0.000328
0.580000 0.000292
0.581000 0.000299
0.582000 0.000280
0.583000 0.000255
0.584000 0.000236
0.585000 0.000249
0.586000 0.000216
0.587000 0.000208
0.588000 0.000191
0.589000 0.000207
0.590000 0.000180
0.591000 0.000162
0.592000 0.000163
0.593000 0.000156
0.594000 0.000141
0.595000 0.000126
0.596000 0.000139
0.597000 0.000112
0.598000 0.000110
0.599000 0.000104
0.600000 0.000096
0.601000 0.000096
0.602000 0.000075
0.603000 0.000069
0.604000 0.000069
0.605000 0.000068
0.606000 0.000063
0.607000 0.000061
0.608000 0.000048
0.609000 0.000047
0.610000 0.000045
0.611000 0.000040
0.612000 0.000046
0.613000 0.000039
0.614000 0.000032
0.615000 0.000032
0.616000 0.000032
0.617000 0.000030
0.618000 0.000026
0.619000 0.000024
0.620000 0.000025
0.621000 0.000019
0.622000 0.000021
0.623000 0.000017
0.624000 0.000014
0.625000 0.000017
0.626000 0.000012
0.627000 0.000015
0.628000 0.000011
0.629000 0.000011
0.630000 0.000008
0.631000 0.000011
0.632000 0.000005
0.633000 0.000008
0.634000 0.000009
0.635000 0.000007
0.636000 0.000004
0.637000 0.000009
0.638000 0.000004
0.639000 0.000005
0.640000 0.000003
0.641000 0.000003
0.642000 0.000003
0.643000 0.000004
0.644000 0.000002
0.645000 0.000003
0.646000 0.000004
0.647000 0.000002
0.648000 0.000002
0.649000 0.000002
0.650000 0.000002
0.651000 0.000000
0.652000 0.000001
0.653000 0.000002
0.654000 0.000001
0.655000 0.000001
0.656000 0.000001
0.657000 0.000000
0.658000 0.000000
0.659000 0.000000
0.660000 0.000000
0.661000 0.000000
0.662000 0.000001
0.663000 0.000000
0.664000 0.000001
0.665000 0.000000
0.666000 0.000001
0.667000 0.000000
0.669000 0.000000
0.670000 0.000000
0.671000 0.000001
0.672000 0.000000
0.673000 0.000000
0.674000 0.000000
0.675000 0.000001
0.676000 0.000000
0.680000 0.000000
0.681000 0.000000
0.683000 0.000000
0.685000 0.000000
0.686000 0.000000
0.687000 0.000000
0.688000 0.000000
0.689000 0.000000
0.693000 0.000000
0.694000 0.000000
0.700000 0.000000
0.706000 0.000000
0.740000 0.000000
0.748000 0.000000
0.753000 0.000000
0.756000 0.000000
0.764000 0.000000
0.769000 0.000000
0.772000 0.000000
0.774000 0.000000
0.775000 0.000000
0.776000 0.000000
0.777000 0.000001
0.778000 0.000000
0.779000 0.000000
0.780000 0.000000
0.781000 0.000000
0.782000 0.000000
0.783000 0.000001
0.784000 0.000000
0.785000 0.000000
0.786000 0.000001
0.787000 0.000000
0.788000 0.000001
0.789000 0.000001
0.790000 0.000000
0.791000 0.000000
0.792000 0.000000
0.793000 0.000001
0.794000 0.000001
0.795000 0.000001
0.796000 0.000000
0.797000 0.000000
0.798000 0.000001
0.799000 0.000001
0.800000 0.000001
0.801000 0.000001
0.802000 0.000001
0.803000 0.000002
0.804000 0.000001
0.805000 0.000001
0.806000 0.000001
0.807000 0.000001
0.808000 0.000001
0.809000 0.000002
0.810000 0.000003
0.811000 0.000002
0.812000 0.000002
0.813000 0.000002
0.814000 0.000002
0.815000 0.000002
0.816000 0.000001
0.817000 0.000002
0.818000 0.000003
0.819000 0.000003
0.820000 0.000003
0.821000 0.000003
0.822000 0.000003
0.823000 0.000003
0.824000 0.000004
0.825000 0.000005
0.826000 0.000005
0.827000 0.000004
0.828000 0.000004
0.829000 0.000009
0.830000 0.000006
0.831000 0.000006
0.832000 0.000006
0.833000 0.000007
0.834000 0.000008
0.835000 0.000009
0.836000 0.000007
0.837000 0.000010
0.838000 0.000010
0.839000 0.000011
0.840000 0.000012
0.841000 0.000011
0.842000 0.000013
0.843000 0.000015
0.844000 0.000014
0.845000 0.000013
0.846000 0.000014
0.847000 0.000014
0.848000 0.000012
0.849000 0.000015
0.850000 0.000017
0.851000 0.000016
0.852000 0.000023
0.853000 0.000016
0.854000 0.000020
0.855000 0.000021
0.856000 0.000024
0.857000 0.000029
0.858000 0.000026
0.859000 0.000028
0.860000 0.000025
0.861000 0.000028
0.862000 0.000030
0.863000 0.000033
0.864000 0.000039
0.865000 0.000042
0.866000 0.000031
0.867000 0.000043
0.868000 0.000039
0.869000 0.000044
0.870000 0.000048
0.871000 0.000052
0.872000 0.000061
0.873000 0.000068
0.874000 0.000055
0.875000 0.000068
0.876000 0.000066
0.877000 0.000074
0.878000 0.000069
0.879000 0.000077
0.880000 0.000077
0.881000 0.000087
0.882000 0.000099
0.883000 0.000101
0.884000 0.000101
0.885000 0.000099
0.886000 0.000111
0.887000 0.000121
0.888000 0.000123
0.889000 0.000119
0.890000 0.000129
0.891000 0.000138
0.892000 0.000154
0.893000 0.000165
0.894000 0.000156
0.895000 0.000177
0.896000 0.000179
0.897000 0.000171
0.898000 0.000205
0.899000 0.000191
0.900000 0.000224
0.901000 0.000235
0.902000 0.000247
0.903000 0.000257
0.904000 0.000245
0.905000 0.000280
0.906000 0.000287
0.907000 0.000302
0.908000 0.000320
0.909000 0.000347
0.910000 0.000360
0.911000 0.000381
0.912000 0.000384
0.913000 0.000414
0.914000 0.000426
0.915000 0.000447
0.916000 0.000464
0.917000 0.000487
0.918000 0.000520
0.919000 0.000523
0.920000 0.000576
0.921000 0.000587
0.922000 0.000616
0.923000 0.000641
0.924000 0.000657
0.925000 0.000689
0.926000 0.000738
0.927000 0.000780
0.928000 0.000792
0.929000 0.000851
0.930000 0.000854
0.931000 0.000900
0.932000 0.000961
0.933000 0.001007
0.934000 0.001042
0.935000 0.001089
0.936000 0.001112
0.937000 0.001152
0.938000 0.001224
0.939000 0.001274
0.940000 0.001311
0.941000 0.001399
0.942000 0.001453
0.943000 0.001522
0.944000 0.001557
0.945000 0.001628
0.946000 0.001703
0.947000 0.001726
0.948000 0.001838
0.949000 0.001945
0.950000 0.002001
0.951000 0.002084
0.952000 0.002165
0.953000 0.002237
0.954000 0.002297
0.955000 0.002434
0.956000 0.002498
0.957000 0.002606
0.958000 0.002698
0.959000 0.002840
0.960000 0.002978
0.961000 0.003077
0.962000 0.003171
0.963000 0.003328
0.964000 0.003419
0.965000 0.003590
0.966000 0.003676
0.967000 0.003857
0.968000 0.003983
0.969000 0.004156
0.970000 0.004324
0.971000 0.004453
0.972000 0.004684
0.973000 0.004822
0.974000 0.004959
0.975000 0.005197
0.976000 0.005402
0.977000 0.005636
0.978000 0.005808
0.979000 0.006074
0.980000 0.006273
0.981000 0.006487
0.982000 0.006674
0.983000 0.006931
0.984000 0.007232
0.985000 0.007504
0.986000 0.007890
0.987000 0.008009
0.988000 0.008345
0.989000 0.008661
0.990000 0.008858
0.991000 0.009182
0.992000 0.009645
0.993000 0.009977
0.994000 0.010209
0.995000 0.010629
0.996000 0.010914
0.997000 0.011449
0.998000 0.011652
0.999000 0.012189
1.000000 0.012501

0.001000 0.019245
0.002000 0.018355
0.003000 0.017123
0.004000 0.016219
0.005000 0.015269
0.006000 0.014550
0.007000 0.013780
0.008000 0.012973
0.009000 0.012220
0.010000 0.011568
0.011000 0.010831
0.012000 0.010272
0.013000 0.009770
0.014000 0.009146
0.015000 0.008578
0.016000 0.008083
0.017000 0.007633
0.018000 0.007195
0.019000 0.006726
0.020000 0.006307
0.021000 0.005937
0.022000 0.005559
0.023000 0.005244
0.024000 0.004968
0.025000 0.004663
0.026000 0.004377
0.027000 0.004077
0.028000 0.003789
0.029000 0.003573
0.030000 0.003330
0.031000 0.003126
0.032000 0.002970
0.033000 0.002770
0.034000 0.002599
0.035000 0.002382
0.036000 0.002239
0.037000 0.002083
0.038000 0.001961
0.039000 0.001822
0.040000 0.001728
0.041000 0.001595
0.042000 0.001470
0.043000 0.001395
0.044000 0.001279
0.045000 0.001187
0.046000 0.001132
0.047000 0.001041
0.048000 0.000966
0.049000 0.000895
0.050000 0.000834
0.051000 0.000762
0.052000 0.000723
0.053000 0.000701
0.054000 0.000621
0.055000 0.000606
0.056000 0.000543
0.057000 0.000495
0.058000 0.000490
0.059000 0.000436
0.060000 0.000385
0.061000 0.000379
0.062000 0.000347
0.063000 0.000332
0.064000 0.000310
0.065000 0.000256
0.066000 0.000249
0.067000 0.000260
0.068000 0.000202
0.069000 0.000192
0.070000 0.000203
0.071000 0.000170
0.072000 0.000156
0.073000 0.000147
0.074000 0.000139
0.075000 0.000120
0.076000 0.000116
0.077000 0.000101
0.078000 0.000097
0.079000 0.000086
0.080000 0.000074
0.081000 0.000072
0.082000 0.000061
0.083000 0.000067
0.084000 0.000055
0.085000 0.000051
0.086000 0.000053
0.087000 0.000042
0.088000 0.000039
0.089000 0.000035
0.090000 0.000037
0.091000 0.000036
0.092000 0.000025
0.093000 0.000028
0.094000 0.000024
0.095000 0.000019
0.096000 0.000022
0.097000 0.000019
0.098000 0.000015
0.099000 0.000015
0.100000 0.000017
0.101000 0.000011
0.102000 0.000009
0.103000 0.000012
0.104000 0.000012
0.105000 0.000007
0.106000 0.000008
0.107000 0.000007
0.108000 0.000008
0.109000 0.000006
0.110000 0.000003
0.111000 0.000006
0.112000 0.000004
0.113000 0.000003
0.114000 0.000005
0.115000 0.000003
0.116000 0.000003
0.117000 0.000003
0.118000 0.000003
0.119000 0.000003
0.120000 0.000002
0.121000 0.000001
0.122000 0.000002
0.123000 0.000001
0.124000 0.000002
0.125000 0.000001
0.126000 0.000001
0.127000 0.000001
0.128000 0.000001
0.129000 0.000002
0.130000 0.000000
0.131000 0.000001
0.132000 0.000001
0.133000 0.000000
0.134000 0.000001
0.135000 0.000000
0.136000 0.000000
0.137000 0.000001
0.138000 0.000000
0.139000 0.000001
0.140000 0.000001
0.141000 0.000000
0.142000 0.000000
0.143000 0.000000
0.144000 0.000000
0.145000 0.000000
0.147000 0.000000
0.148000 0.000000
0.149000 0.000000
0.150000 0.000000
0.151000 0.000000
0.152000 0.000000
0.153000 0.000000
0.155000 0.000000
0.159000 0.000000
0.161000 0.000000
0.165000 0.000000
0.167000 0.000000
0.374000 0.000000
0.377000 0.000000
0.381000 0.000000
0.382000 0.000000
0.383000 0.000000
0.385000 0.000000
0.388000 0.000000
0.389000 0.000000
0.390000 0.000000
0.391000 0.000000
0.392000 0.000001
0.393000 0.000000
0.394000 0.000001
0.395000 0.000000
0.396000 0.000001
0.397000 0.000001
0.398000 0.000002
0.399000 0.000001
0.400000 0.000001
0.401000 0.000001
0.402000 0.000001
0.403000 0.000001
0.404000 0.000002
0.405000 0.000004
0.406000 0.000002
0.407000 0.000003
0.408000 0.000002
0.409000 0.000003
0.410000 0.000002
0.411000 0.000005
0.412000 0.000007
0.413000 0.000006
0.414000 0.000008
0.415000 0.000009
0.416000 0.000011
0.417000 0.000011
0.418000 0.000014
0.419000 0.000018
0.420000 0.000014
0.421000 0.000019
0.422000 0.000020
0.423000 0.000022
0.424000 0.000028
0.425000 0.000035
0.426000 0.000037
0.427000 0.000041
0.428000 0.000048
0.429000 0.000052
0.430000 0.000063
0.431000 0.000062
0.432000 0.000070
0.433000 0.000076
0.434000 0.000103
0.435000 0.000106
0.436000 0.000111
0.437000 0.000133
0.438000 0.000140
0.439000 0.000156
0.440000 0.000178
0.441000 0.000203
0.442000 0.000217
0.443000 0.000253
0.444000 0.000272
0.445000 0.000290
0.446000 0.000318
0.447000 0.000352
0.448000 0.000411
0.449000 0.000436
0.450000 0.000470
0.451000 0.000527
0.452000 0.000570
0.453000 0.000631
0.454000 0.000699
0.455000 0.000775
0.456000 0.000817
0.457000 0.000870
0.458000 0.000940
0.459000 0.001024
0.460000 0.001085
0.461000 0.001220
0.462000 0.001303
0.463000 0.001417
0.464000 0.001558
0.465000 0.001615
0.466000 0.001738
0.467000 0.001848
0.468000 0.001997
0.469000 0.002112
0.470000 0.002266
0.471000 0.002398
0.472000 0.002560
0.473000 0.002682
0.474000 0.002809
0.475000 0.002983
0.476000 0.003164
0.477000 0.003284
0.478000 0.003493
0.479000 0.003632
0.480000 0.003794
0.481000 0.003992
0.482000 0.004144
0.483000 0.004265
0.484000 0.004320
0.485000 0.004574
0.486000 0.004654
0.487000 0.004871
0.488000 0.004964
0.489000 0.005087
0.490000 0.005215
0.491000 0.005335
0.492000 0.005382
0.493000 0.005567
0.494000 0.005657
0.495000 0.005644
0.496000 0.005728
0.497000 0.005735
0.498000 0.005805
0.499000 0.005811
0.500000 0.005871
0.501000 0.005841
0.502000 0.005843
0.503000 0.005845
0.504000 0.005758
0.505000 0.005741
0.506000 0.005652
0.507000 0.005624
0.508000 0.005502
0.509000 0.005478
0.510000 0.005353
0.511000 0.005237
0.512000 0.005053
0.513000 0.004945
0.514000 0.004890
0.515000 0.004745
0.516000 0.004622
0.517000 0.004431
0.518000 0.004274
0.519000 0.004118
0.520000 0.003959
0.521000 0.003757
0.522000 0.003705
0.523000 0.003535
0.524000 0.003346
0.525000 0.003163
0.526000 0.002929
0.527000 0.002873
0.528000 0.002723
0.529000 0.002543
0.530000 0.002425
0.531000 0.002244
0.532000 0.002143
0.533000 0.001952
0.534000 0.001860
0.535000 0.001753
0.536000 0.001620
0.537000 0.001508
0.538000 0.001429
0.539000 0.001362
0.540000 0.001228
0.541000 0.001089
0.542000 0.001012
0.543000 0.000979
0.544000 0.000870
0.545000 0.000857
0.546000 0.000737
0.547000 0.000708
0.548000 0.000610
0.549000 0.000593
0.550000 0.000544
0.551000 0.000496
0.552000 0.000464
0.553000 0.000399
0.554000 0.000361
0.555000 0.000322
0.556000 0.000319
0.557000 0.000278
0.558000 0.000244
0.559000 0.000231
0.560000 0.000200
0.561000 0.000198
0.562000 0.000161
0.563000 0.000156
0.564000 0.000131
0.565000 0.000120
0.566000 0.000101
0.567000 0.000099
0.568000 0.000085
0.569000 0.000075
0.570000 0.000066
0.571000 0.000067
0.572000 0.000054
0.573000 0.000045
0.574000 0.000042
0.575000 0.000035
0.576000 0.000030
0.577000 0.000028
0.578000 0.000027
0.579000 0.000019
0.580000 0.000024
0.581000 0.000021
0.582000 0.000018
0.583000 0.000014
0.584000 0.000009
0.585000 0.000013
0.586000 0.000008
0.587000 0.000009
0.588000 0.000008
0.589000 0.000006
0.590000 0.000006
0.591000 0.000005
0.592000 0.000005
0.593000 0.000004
0.594000 0.000003
0.595000 0.000003
0.596000 0.000002
0.597000 0.000002
0.598000 0.000002
0.599000 0.000002
0.600000 0.000001
0.601000 0.000002
0.602000 0.000001
0.603000 0.000001
0.604000 0.000001
0.605000 0.000000
0.606000 0.000001
0.607000 0.000002
0.608000 0.000000
0.609000 0.000000
0.610000 0.000000
0.611000 0.000000
0.612000 0.000000
0.613000 0.000000
0.614000 0.000000
0.616000 0.000000
0.617000 0.000000
0.618000 0.000000
0.619000 0.000000
0.620000 0.000000
0.621000 0.000000
0.623000 0.000000
0.630000 0.000000
0.631000 0.000000
0.633000 0.000000
0.640000 0.000000
0.644000 0.000000
0.827000 0.000000
0.831000 0.000000
0.836000 0.000000
0.843000 0.000000
0.850000 0.000000
0.853000 0.000000
0.854000 0.000000
0.855000 0.000000
0.858000 0.000000
0.859000 0.000000
0.860000 0.000000
0.861000 0.000000
0.862000 0.000000
0.863000 0.000000
0.864000 0.000000
0.865000 0.000000
0.866000 0.000000
0.867000 0.000000
0.868000 0.000001
0.869000 0.000000
0.870000 0.000000
0.871000 0.000000
0.872000 0.000000
0.873000 0.000001
0.874000 0.000002
0.875000 0.000000
0.876000 0.000002
0.877000 0.000002
0.878000 0.000001
0.879000 0.000004
0.880000 0.000002
0.881000 0.000002
0.882000 0.000003
0.883000 0.000002
0.884000 0.000003
0.885000 0.000002
0.886000 0.000003
0.887000 0.000003
0.888000 0.000003
0.889000 0.000005
0.890000 0.000006
0.891000 0.000004
0.892000 0.000005
0.893000 0.000008
0.894000 0.000008
0.895000 0.000007
0.896000 0.000012
0.897000 0.000010
0.898000 0.000011
0.899000 0.000011
0.900000 0.000013
0.901000 0.000014
0.902000 0.000018
0.903000 0.000016
0.904000 0.000018
0.905000 0.000021
0.906000 0.000022
0.907000 0.000023
0.908000 0.000027
0.909000 0.000029
0.910000 0.000030
0.911000 0.000042
0.912000 0.000036
0.913000 0.000042
0.914000 0.000041
0.915000 0.000053
0.916000 0.000054
0.917000 0.000053
0.918000 0.000059
0.919000 0.000074
0.920000 0.000079
0.921000 0.000083
0.922000 0.000093
0.923000 0.000092
0.924000 0.000097
0.925000 0.000114
0.926000 0.000123
0.927000 0.000133
0.928000 0.000138
0.929000 0.000158
0.930000 0.000170
0.931000 0.000189
0.932000 0.000202
0.933000 0.000223
0.934000 0.000229
0.935000 0.000249
0.936000 0.000274
0.937000 0.000296
0.938000 0.000321
0.939000 0.000353
0.940000 0.000357
0.941000 0.000405
0.942000 0.000435
0.943000 0.000482
0.944000 0.000527
0.945000 0.000552
0.946000 0.000614
0.947000 0.000651
0.948000 0.000691
0.949000 0.000746
0.950000 0.000808
0.951000 0.000885
0.952000 0.000943
0.953000 0.001063
0.954000 0.001106
0.955000 0.001185
0.956000 0.001272
0.957000 0.001353
0.958000 0.001485
0.959000 0.001577
0.960000 0.001684
0.961000 0.001811
0.962000 0.001914
0.963000 0.002099
0.964000 0.002226
0.965000 0.002373
0.966000 0.002524
0.967000 0.002710
0.968000 0.002898
0.969000 0.003108
0.970000 0.003360
0.971000 0.003555
0.972000 0.003780
0.973000 0.004011
0.974000 0.004326
0.975000 0.004567
0.976000 0.004941
0.977000 0.005257
0.978000 0.005572
0.979000 0.005908
0.980000 0.006250
0.981000 0.006658
0.982000 0.007058
0.983000 0.007457
0.984000 0.008077
0.985000 0.008468
0.986000 0.009058
0.987000 0.009706
0.988000 0.010155
0.989000 0.010781
0.990000 0.011614
0.991000 0.012205
0.992000 0.013036
0.993000 0.013755
0.994000 0.014450
0.995000 0.015337
0.996000 0.016130
0.997000 0.017285
0.998000 0.018217
0.999000 0.019174
1.000000 0.020216

0.001000 0.032363
0.002000 0.029554
0.003000 0.026786
0.004000 0.024001
0.005000 0.021847
0.006000 0.019813
0.007000 0.017770
0.008000 0.016155
0.009000 0.014789
0.010000 0.013159
0.011000 0.011989
0.012000 0.010769
0.013000 0.009661
0.014000 0.008631
0.015000 0.007714
0.016000 0.007050
0.017000 0.006147
0.018000 0.005590
0.019000 0.005002
0.020000 0.004462
0.021000 0.004044
0.022000 0.003534
0.023000 0.003174
0.024000 0.002838
0.025000 0.002554
0.026000 0.002232
0.027000 0.001959
0.028000 0.001755
0.029000 0.001554
0.030000 0.001382
0.031000 0.001275
0.032000 0.001090
0.033000 0.000946
0.034000 0.000855
0.035000 0.000725
0.036000 0.000642
0.037000 0.000574
0.038000 0.000515
0.039000 0.000457
0.040000 0.000406
0.041000 0.000337
0.042000 0.000300
0.043000 0.000255
0.044000 0.000239
0.045000 0.000217
0.046000 0.000158
0.047000 0.000148
0.048000 0.000144
0.049000 0.000121
0.050000 0.000105
0.051000 0.000097
0.052000 0.000080
0.053000 0.000079
0.054000 0.000059
0.055000 0.000062
0.056000 0.000045
0.057000 0.000038
0.058000 0.000033
0.059000 0.000032
0.060000 0.000021
0.061000 0.000024
0.062000 0.000020
0.063000 0.000019
0.064000 0.000013
0.065000 0.000013
0.066000 0.000009
0.067000 0.000013
0.068000 0.000008
0.069000 0.000007
0.070000 0.000007
0.071000 0.000005
0.072000 0.000002
0.073000 0.000002
0.074000 0.000001
0.075000 0.000003
0.076000 0.000002
0.077000 0.000002
0.078000 0.000002
0.079000 0.000002
0.080000 0.000002
0.081000 0.000002
0.082000 0.000001
0.083000 0.000000
0.084000 0.000000
0.085000 0.000000
0.086000 0.000001
0.087000 0.000001
0.088000 0.000001
0.089000 0.000000
0.090000 0.000001
0.091000 0.000001
0.092000 0.000000
0.093000 0.000000
0.094000 0.000000
0.095000 0.000000
0.097000 0.000000
0.098000 0.000000
0.100000 0.000000
0.101000 0.000000
0.113000 0.000000
0.413000 0.000000
0.426000 0.000000
0.427000 0.000001
0.428000 0.000000
0.429000 0.000000
0.430000 0.000001
0.431000 0.000001
0.432000 0.000000
0.433000 0.000001
0.434000 0.000000
0.435000 0.000001
0.436000 0.000002
0.437000 0.000001
0.438000 0.000004
0.439000 0.000005
0.440000 0.000005
0.441000 0.000005
0.442000 0.000006
0.443000 0.000012
0.444000 0.000011
0.445000 0.000015
0.446000 0.000024
0.447000 0.000023
0.448000 0.000032
0.449000 0.000034
0.450000 0.000041
0.451000 0.000051
0.452000 0.000058
0.453000 0.000080
0.454000 0.000082
0.455000 0.000109
0.456000 0.000128
0.457000 0.000166
0.458000 0.000183
0.459000 0.000210
0.460000 0.000242
0.461000 0.000299
0.462000 0.000330
0.463000 0.000384
0.464000 0.000485
0.465000 0.000571
0.466000 0.000641
0.467000 0.000783
0.468000 0.000849
0.469000 0.000965
0.470000 0.001110
0.471000 0.001271
0.472000 0.001442
0.473000 0.001605
0.474000 0.001796
0.475000 0.002005
0.476000 0.002290
0.477000 0.002539
0.478000 0.002784
0.479000 0.003088
0.480000 0.003350
0.481000 0.003653
0.482000 0.004061
0.483000 0.004372
0.484000 0.004687
0.485000 0.005063
0.486000 0.005376
0.487000 0.005738
0.488000 0.006092
0.489000 0.006394
0.490000 0.006757
0.491000 0.007043
0.492000 0.007321
0.493000 0.007640
0.494000 0.007822
0.495000 0.008159
0.496000 0.008222
0.497000 0.008353
0.498000 0.008428
0.499000 0.008654
0.500000 0.008714
0.501000 0.008606
0.502000 0.008636
0.503000 0.008616
0.504000 0.008416
0.505000 0.008213
0.506000 0.008052
0.507000 0.007969
0.508000 0.007559
0.509000 0.007344
0.510000 0.007049
0.511000 0.006761
0.512000 0.006435
0.513000 0.006097
0.514000 0.005829
0.515000 0.005425
0.516000 0.005095
0.517000 0.004773
0.518000 0.004334
0.519000 0.004038
0.520000 0.003739
0.521000 0.003411
0.522000 0.003104
0.523000 0.002794
0.524000 0.002557
0.525000 0.002296
0.526000 0.002083
0.527000 0.001867
0.528000 0.001637
0.529000 0.001429
0.530000 0.001236
0.531000 0.001095
0.532000 0.000980
0.533000 0.000852
0.534000 0.000775
0.535000 0.000648
0.536000 0.000560
0.537000 0.000494
0.538000 0.000420
0.539000 0.000372
0.540000 0.000303
0.541000 0.000266
0.542000 0.000214
0.543000 0.000191
0.544000 0.000150
0.545000 0.000126
0.546000 0.000106
0.547000 0.000096
0.548000 0.000079
0.549000 0.000061
0.550000 0.000049
0.551000 0.000045
0.552000 0.000030
0.553000 0.000028
0.554000 0.000023
0.555000 0.000020
0.556000 0.000015
0.557000 0.000010
0.558000 0.000008
0.559000 0.000009
0.560000 0.000006
0.561000 0.000005
0.562000 0.000004
0.563000 0.000003
0.564000 0.000003
0.565000 0.000003
0.566000 0.000002
0.567000 0.000001
0.568000 0.000001
0.569000 0.000000
0.570000 0.000001
0.571000 0.000000
0.572000 0.000000
0.573000 0.000000
0.574000 0.000000
0.575000 0.000000
0.576000 0.000000
0.577000 0.000000
0.587000 0.000000
0.591000 0.000000
0.897000 0.000000
0.900000 0.000000
0.901000 0.000000
0.903000 0.000000
0.904000 0.000000
0.905000 0.000000
0.906000 0.000000
0.907000 0.000000
0.908000 0.000000
0.909000 0.000000
0.911000 0.000000
0.912000 0.000000
0.913000 0.000000
0.914000 0.000000
0.915000 0.000000
0.916000 0.000001
0.917000 0.000000
0.918000 0.000000
0.919000 0.000000
0.920000 0.000001
0.921000 0.000001
0.922000 0.000001
0.923000 0.000002
0.924000 0.000002
0.925000 0.000002
0.926000 0.000002
0.927000 0.000003
0.928000 0.000004
0.929000 0.000004
0.930000 0.000003
0.931000 0.000004
0.932000 0.000005
0.933000 0.000007
0.934000 0.000007
0.935000 0.000008
0.936000 0.000011
0.937000 0.000011
0.938000 0.000012
0.939000 0.000018
0.940000 0.000018
0.941000 0.000020
0.942000 0.000028
0.943000 0.000036
0.944000 0.000040
0.945000 0.000041
0.946000 0.000050
0.947000 0.000068
0.948000 0.000061
0.949000 0.000074
0.950000 0.000085
0.951000 0.000103
0.952000 0.000131
0.953000 0.000143
0.954000 0.000159
0.955000 0.000187
0.956000 0.000212
0.957000 0.000229
0.958000 0.000268
0.959000 0.000307
0.960000 0.000361
0.961000 0.000418
0.962000 0.000455
0.963000 0.000511
0.964000 0.000610
0.965000 0.000686
0.966000 0.000790
0.967000 0.000853
0.968000 0.000995
0.969000 0.001127
0.970000 0.001266
0.971000 0.001487
0.972000 0.001632
0.973000 0.001837
0.974000 0.002079
0.975000 0.002383
0.976000 0.002623
0.977000 0.002965
0.978000 0.003401
0.979000 0.003669
0.980000 0.004153
0.981000 0.004668
0.982000 0.005255
0.983000 0.005961
0.984000 0.006439
0.985000 0.007285
0.986000 0.008227
0.987000 0.009203
0.988000 0.010059
0.989000 0.011167
0.990000 0.012494
0.991000 0.014012
0.992000 0.015515
0.993000 0.017010
0.994000 0.018860
0.995000 0.020875
0.996000 0.023073
0.997000 0.025660
0.998000 0.028170
0.999000 0.030603
1.000000 0.034161

0.001000 0.067597
0.002000 0.054849
0.003000 0.043654
0.004000 0.035222
0.005000 0.027782
0.006000 0.022293
0.007000 0.017712
0.008000 0.013912
0.009000 0.011210
0.010000 0.008852
0.011000 0.006802
0.012000 0.005287
0.013000 0.004207
0.014000 0.003370
0.015000 0.002535
0.016000 0.001950
0.017000 0.001533
0.018000 0.001205
0.019000 0.000946
0.020000 0.000730
0.021000 0.000567
0.022000 0.000397
0.023000 0.000329
0.024000 0.000240
0.025000 0.000167
0.026000 0.000128
0.027000 0.000102
0.028000 0.000084
0.029000 0.000059
0.030000 0.000042
0.031000 0.000033
0.032000 0.000027
0.033000 0.000022
0.034000 0.000010
0.035000 0.000013
0.036000 0.000007
0.037000 0.000008
0.038000 0.000005
0.039000 0.000002
0.040000 0.000002
0.041000 0.000001
0.042000 0.000001
0.043000 0.000003
0.044000 0.000001
0.045000 0.000001
0.046000 0.000001
0.047000 0.000000
0.048000 0.000000
0.049000 0.000000
0.051000 0.000000
0.052000 0.000000
0.055000 0.000000
0.454000 0.000000
0.455000 0.000000
0.456000 0.000001
0.457000 0.000000
0.458000 0.000002
0.459000 0.000001
0.460000 0.000001
0.461000 0.000003
0.462000 0.000004
0.463000 0.000007
0.464000 0.000005
0.465000 0.000009
0.466000 0.000014
0.467000 0.000012
0.468000 0.000029
0.469000 0.000042
0.470000 0.000062
0.471000 0.000084
0.472000 0.000112
0.473000 0.000145
0.474000 0.000216
0.475000 0.000290
0.476000 0.000372
0.477000 0.000523
0.478000 0.000674
0.479000 0.000843
0.480000 0.001112
0.481000 0.001381
0.482000 0.001803
0.483000 0.002238
0.484000 0.002752
0.485000 0.003277
0.486000 0.004050
0.487000 0.004716
0.488000 0.005476
0.489000 0.006438
0.490000 0.007234
0.491000 0.008325
0.492000 0.008984
0.493000 0.010156
0.494000 0.010950
0.495000 0.011826
0.496000 0.012779
0.497000 0.013125
0.498000 0.013791
0.499000 0.014199
0.500000 0.014261
0.501000 0.014276
0.502000 0.014159
0.503000 0.013860
0.504000 0.013345
0.505000 0.012742
0.506000 0.011825
0.507000 0.011200
0.508000 0.010078
0.509000 0.009103
0.510000 0.008287
0.511000 0.007245
0.512000 0.006335
0.513000 0.005425
0.514000 0.004793
0.515000 0.004041
0.516000 0.003361
0.517000 0.002745
0.518000 0.002195
0.519000 0.001823
0.520000 0.001400
0.521000 0.001141
0.522000 0.000880
0.523000 0.000656
0.524000 0.000514
0.525000 0.000389
0.526000 0.000315
0.527000 0.000219
0.528000 0.000149
0.529000 0.000098
0.530000 0.000075
0.531000 0.000060
0.532000 0.000030
0.533000 0.000022
0.534000 0.000015
0.535000 0.000020
0.536000 0.000013
0.537000 0.000005
0.538000 0.000004
0.539000 0.000003
0.540000 0.000002
0.541000 0.000001
0.542000 0.000001
0.543000 0.000000
0.544000 0.000001
0.545000 0.000000
0.550000 0.000000
0.551000 0.000000
0.952000 0.000000
0.953000 0.000000
0.954000 0.000000
0.955000 0.000001
0.956000 0.000000
0.957000 0.000001
0.958000 0.000001
0.959000 0.000003
0.960000 0.000002
0.961000 0.000003
0.962000 0.000004
0.963000 0.000005
0.964000 0.000002
0.965000 0.000005
0.966000 0.000008
0.967000 0.000014
0.968000 0.000019
0.969000 0.000029
0.970000 0.000032
0.971000 0.000048
0.972000 0.000067
0.973000 0.000086
0.974000 0.000110
0.975000 0.000127
0.976000 0.000181
0.977000 0.000275
0.978000 0.000310
0.979000 0.000422
0.980000 0.000545
0.981000 0.000725
0.982000 0.000937
0.983000 0.001236
0.984000 0.001536
0.985000 0.001989
0.986000 0.002658
0.987000 0.003380
0.988000 0.004258
0.989000 0.005473
0.990000 0.006905
0.991000 0.009118
0.992000 0.011391
0.993000 0.014509
0.994000 0.018322
0.995000 0.022946
0.996000 0.028553
0.997000 0.035434
0.998000 0.045081
0.999000 0.055498
1.000000 0.068675

